0.01 0.182759 0.383791 0.43345 
0.02 0.6523 0.170162 0.177538 
0.03 0.680436 0.160197 0.159367 
0.04 0.220566 0.579016 0.200418 
0.05 0.129756 0.629119 0.241125 
0.06 0.194868 0.489873 0.315259 
0.07 0.297781 0.372235 0.329985 
0.08 0.420702 0.409577 0.169721 
0.09 0.523659 0.272153 0.204187 
0.1 0.584101 0.292771 0.123129 
0.11 0.591597 0.303321 0.105082 
0.12 0.673575 0.109839 0.216586 
0.13 0.701352 0.245359 0.0532894 
0.14 0.749712 0.0763215 0.173967 
0.15 0.726648 0.194476 0.078876 
0.16 0.816545 0.128568 0.0548871 
0.17 0.810317 0.0500591 0.139623 
0.18 0.777393 0.124678 0.0979289 
0.19 0.822528 0.151869 0.0256022 
0.2 0.879299 0.0845052 0.0361958 
0.21 0.881198 0.0301826 0.0886197 
0.22 0.848118 0.0423342 0.109548 
0.23 0.828963 0.0869493 0.0840878 
0.24 0.844154 0.114191 0.041655 
0.25 0.881108 0.105556 0.0133359 
0.26 0.916401 0.0728433 0.0107558 
0.27 0.9342 0.0377619 0.0280383 
0.28 0.931616 0.0161107 0.0522736 
0.29 0.915098 0.0127943 0.0721081 
0.3 0.894344 0.0241979 0.0814583 
0.31 0.877659 0.0428913 0.0794496 
0.32 0.869832 0.0615439 0.0686243 
0.33 0.872023 0.0750402 0.052937 
0.34 0.882725 0.081011 0.0362635 
0.35 0.899011 0.0794045 0.0215845 
0.36 0.917602 0.071679 0.0107185 
0.37 0.935599 0.0599961 0.00440457 
0.38 0.950851 0.0465983 0.00255088 
0.39 0.962058 0.0334171 0.00452508 
0.4 0.9687 0.0218855 0.00941489 
0.41 0.970873 0.0128984 0.0162289 
0.42 0.969102 0.0068653 0.0240324 
0.43 0.964165 0.00380864 0.0320264 
0.44 0.956943 0.0034745 0.0395829 
0.45 0.948313 0.00543682 0.0462498 
0.46 0.939078 0.00918438 0.0517373 
0.47 0.929919 0.0141873 0.0558941 
0.48 0.921377 0.0199436 0.0586795 
0.49 0.913855 0.0260082 0.0601364 
0.5 0.907625 0.0320088 0.0603665 
0.51 0.902841 0.0376504 0.059509 
0.52 0.899562 0.0427141 0.0577238 
0.53 0.897772 0.0470502 0.0551781 
0.54 0.897393 0.0505697 0.0520372 
0.55 0.898309 0.0532338 0.048457 
0.56 0.900375 0.0550444 0.0445804 
0.57 0.903431 0.0560345 0.0405343 
0.58 0.907312 0.0562598 0.0364286 
0.59 0.911852 0.0557916 0.0323565 
0.6 0.916895 0.0547105 0.0283946 
0.61 0.922293 0.053102 0.0246046 
0.62 0.927914 0.051052 0.0210341 
0.63 0.933637 0.0486447 0.0177188 
0.64 0.939357 0.0459597 0.0146835 
0.65 0.944985 0.0430712 0.0119439 
0.66 0.950445 0.0400467 0.009508 
0.67 0.955676 0.0369467 0.00737746 
0.68 0.960627 0.0338244 0.00554867 
0.69 0.96526 0.0307261 0.00401389 
0.7 0.969547 0.027691 0.00276217 
0.71 0.973468 0.024752 0.00178012 
0.72 0.977011 0.0219361 0.00105263 
0.73 0.980172 0.0192647 0.000563386 
0.74 0.98295 0.0167544 0.000295393 
0.75 0.985351 0.0144175 0.000231339 
0.76 0.987384 0.0122623 0.000353916 
0.77 0.98906 0.0102939 0.000646069 
0.78 0.990394 0.00851445 0.00109119 
0.79 0.991403 0.00692381 0.00167328 
0.8 0.992103 0.00551968 0.00237704 
0.81 0.992514 0.00429808 0.00318796 
0.82 0.992654 0.00325369 0.00409235 
0.83 0.992543 0.0023801 0.00507739 
0.84 0.992199 0.00167003 0.00613115 
0.85 0.991642 0.00111559 0.00724254 
0.86 0.99089 0.000708457 0.00840133 
0.87 0.989962 0.000439999 0.00959812 
0.88 0.988874 0.000301445 0.0108243 
0.89 0.987644 0.000283986 0.0120721 
0.9 0.986287 0.000378871 0.0133343 
0.91 0.984818 0.000577481 0.0146045 
0.92 0.983252 0.000871398 0.0158769 
0.93 0.981601 0.00125245 0.0171463 
0.94 0.979879 0.00171275 0.0184082 
0.95 0.978097 0.00224474 0.0196583 
0.96 0.976266 0.00284118 0.0208931 
0.97 0.974395 0.0034952 0.0221094 
0.98 0.972495 0.00420027 0.0233044 
0.99 0.970574 0.00495024 0.0244758 
1 0.968639 0.00573932 0.0256214 
1.01 0.966698 0.00656208 0.0267395 
1.02 0.964758 0.00741343 0.0278287 
1.03 0.962824 0.00828863 0.0288878 
1.04 0.960901 0.00918329 0.0299158 
1.05 0.958995 0.0100933 0.0309119 
1.06 0.957109 0.0110149 0.0318757 
1.07 0.955249 0.0119446 0.0328067 
1.08 0.953416 0.0128792 0.0337047 
1.09 0.951615 0.0138158 0.0345695 
1.1 0.949847 0.0147517 0.0354013 
1.11 0.948115 0.0156844 0.0362001 
1.12 0.946422 0.0166117 0.0369662 
1.13 0.944768 0.0175316 0.0376999 
1.14 0.943156 0.0184423 0.0384016 
1.15 0.941586 0.0193422 0.0390716 
1.16 0.94006 0.0202298 0.0397106 
1.17 0.938577 0.0211037 0.040319 
1.18 0.93714 0.021963 0.0408974 
1.19 0.935747 0.0228065 0.0414466 
1.2 0.9344 0.0236334 0.041967 
1.21 0.933098 0.0244429 0.0424594 
1.22 0.931841 0.0252344 0.0429244 
1.23 0.93063 0.0260074 0.0433629 
1.24 0.929463 0.0267613 0.0437753 
1.25 0.928342 0.0274958 0.0441626 
1.26 0.927264 0.0282107 0.0445254 
1.27 0.92623 0.0289056 0.0448644 
1.28 0.925239 0.0295806 0.0451803 
1.29 0.924291 0.0302354 0.0454738 
1.3 0.923384 0.03087 0.0457457 
1.31 0.922519 0.0314845 0.0459967 
1.32 0.921694 0.0320789 0.0462273 
1.33 0.920908 0.0326534 0.0464384 
1.34 0.920162 0.0332079 0.0466305 
1.35 0.919453 0.0337428 0.0468044 
1.36 0.918781 0.0342582 0.0469606 
1.37 0.918146 0.0347544 0.0470999 
1.38 0.917546 0.0352315 0.0472227 
1.39 0.91698 0.0356899 0.0473298 
1.4 0.916448 0.0361299 0.0474217 
1.41 0.915949 0.0365517 0.0474989 
1.42 0.915482 0.0369556 0.0475621 
1.43 0.915046 0.037342 0.0476117 
1.44 0.91464 0.0377112 0.0476484 
1.45 0.914264 0.0380636 0.0476725 
1.46 0.913916 0.0383995 0.0476847 
1.47 0.913595 0.0387192 0.0476854 
1.48 0.913302 0.0390232 0.047675 
1.49 0.913034 0.0393117 0.0476541 
1.5 0.912792 0.0395852 0.047623 
1.51 0.912574 0.0398439 0.0475822 
1.52 0.91238 0.0400883 0.0475322 
1.53 0.912208 0.0403187 0.0474732 
1.54 0.912059 0.0405355 0.0474057 
1.55 0.911931 0.0407389 0.0473301 
1.56 0.911824 0.0409295 0.0472467 
1.57 0.911737 0.0411075 0.0471559 
1.58 0.911669 0.0412732 0.0470581 
1.59 0.911619 0.0414271 0.0469534 
1.6 0.911588 0.0415694 0.0468424 
1.61 0.911574 0.0417005 0.0467252 
1.62 0.911577 0.0418207 0.0466021 
1.63 0.911596 0.0419303 0.0464735 
1.64 0.911631 0.0420296 0.0463396 
1.65 0.91168 0.042119 0.0462007 
1.66 0.911744 0.0421987 0.046057 
1.67 0.911822 0.0422691 0.0459088 
1.68 0.911913 0.0423304 0.0457563 
1.69 0.912017 0.0423829 0.0455997 
1.7 0.912134 0.0424269 0.0454393 
1.71 0.912262 0.0424627 0.0452753 
1.72 0.912402 0.0424905 0.0451078 
1.73 0.912552 0.0425107 0.0449371 
1.74 0.912713 0.0425233 0.0447634 
1.75 0.912884 0.0425288 0.0445867 
1.76 0.913065 0.0425273 0.0444074 
1.77 0.913255 0.0425191 0.0442256 
1.78 0.913454 0.0425045 0.0440414 
1.79 0.913662 0.0424835 0.0438549 
1.8 0.913877 0.0424565 0.0436664 
1.81 0.9141 0.0424237 0.043476 
1.82 0.914331 0.0423852 0.0432838 
1.83 0.914569 0.0423413 0.04309 
1.84 0.914813 0.0422922 0.0428946 
1.85 0.915064 0.042238 0.0426978 
1.86 0.915321 0.042179 0.0424997 
1.87 0.915584 0.0421153 0.0423005 
1.88 0.915853 0.0420471 0.0421001 
1.89 0.916127 0.0419746 0.0418988 
1.9 0.916405 0.0418979 0.0416967 
1.91 0.916689 0.0418173 0.0414937 
1.92 0.916977 0.0417328 0.0412901 
1.93 0.91727 0.0416445 0.0410858 
1.94 0.917566 0.0415528 0.0408811 
1.95 0.917866 0.0414577 0.0406759 
1.96 0.91817 0.0413592 0.0404703 
1.97 0.918478 0.0412577 0.0402645 
1.98 0.918788 0.0411532 0.0400584 
1.99 0.919102 0.0410458 0.0398522 
2 0.919419 0.0409356 0.0396459 
2.01 0.919738 0.0408228 0.0394396 
2.02 0.920059 0.0407075 0.0392333 
2.03 0.920383 0.0405898 0.0390271 
2.04 0.920709 0.0404698 0.038821 
2.05 0.921037 0.0403477 0.0386151 
2.06 0.921367 0.0402234 0.0384095 
2.07 0.921699 0.0400972 0.0382042 
2.08 0.922032 0.039969 0.0379991 
2.09 0.922366 0.0398391 0.0377945 
2.1 0.922702 0.0397075 0.0375903 
2.11 0.923039 0.0395742 0.0373865 
2.12 0.923377 0.0394394 0.0371832 
2.13 0.923716 0.0393032 0.0369805 
2.14 0.924056 0.0391655 0.0367783 
2.15 0.924397 0.0390266 0.0365767 
2.16 0.924738 0.0388864 0.0363757 
2.17 0.92508 0.0387451 0.0361754 
2.18 0.925422 0.0386027 0.0359757 
2.19 0.925764 0.0384593 0.0357767 
2.2 0.926107 0.0383149 0.0355785 
2.21 0.926449 0.0381696 0.035381 
2.22 0.926792 0.0380235 0.0351843 
2.23 0.927135 0.0378767 0.0349884 
2.24 0.927478 0.0377291 0.0347932 
2.25 0.92782 0.0375808 0.0345989 
2.26 0.928163 0.0374319 0.0344055 
2.27 0.928505 0.0372825 0.0342129 
2.28 0.928846 0.0371325 0.0340212 
2.29 0.929188 0.0369821 0.0338304 
2.3 0.929528 0.0368313 0.0336404 
2.31 0.929868 0.0366801 0.0334514 
2.32 0.930208 0.0365286 0.0332633 
2.33 0.930547 0.0363768 0.0330762 
2.34 0.930885 0.0362247 0.03289 
2.35 0.931223 0.0360724 0.0327048 
2.36 0.93156 0.03592 0.0325205 
2.37 0.931895 0.0357674 0.0323372 
2.38 0.93223 0.0356147 0.0321549 
2.39 0.932565 0.0354619 0.0319736 
2.4 0.932898 0.0353091 0.0317933 
2.41 0.93323 0.0351562 0.0316139 
2.42 0.933561 0.0350034 0.0314356 
2.43 0.933891 0.0348507 0.0312583 
2.44 0.93422 0.034698 0.031082 
2.45 0.934548 0.0345454 0.0309067 
2.46 0.934875 0.034393 0.0307325 
2.47 0.9352 0.0342407 0.0305592 
2.48 0.935524 0.0340886 0.030387 
2.49 0.935847 0.0339367 0.0302159 
2.5 0.936169 0.033785 0.0300457 
2.51 0.93649 0.0336335 0.0298766 
2.52 0.936809 0.0334824 0.0297085 
2.53 0.937127 0.0333315 0.0295414 
2.54 0.937444 0.0331809 0.0293754 
2.55 0.937759 0.0330306 0.0292104 
2.56 0.938073 0.0328806 0.0290464 
2.57 0.938386 0.032731 0.0288834 
2.58 0.938697 0.0325818 0.0287215 
2.59 0.939006 0.0324329 0.0285606 
2.6 0.939315 0.0322845 0.0284008 
2.61 0.939622 0.0321365 0.0282419 
2.62 0.939927 0.0319888 0.0280841 
2.63 0.940231 0.0318417 0.0279273 
2.64 0.940534 0.0316949 0.0277715 
2.65 0.940835 0.0315487 0.0276167 
2.66 0.941134 0.0314029 0.0274629 
2.67 0.941432 0.0312576 0.0273101 
2.68 0.941729 0.0311128 0.0271584 
2.69 0.942024 0.0309684 0.0270076 
2.7 0.942318 0.0308246 0.0268578 
2.71 0.94261 0.0306814 0.0267091 
2.72 0.9429 0.0305386 0.0265613 
2.73 0.943189 0.0303964 0.0264145 
2.74 0.943477 0.0302547 0.0262686 
2.75 0.943763 0.0301136 0.0261238 
2.76 0.944047 0.029973 0.0259799 
2.77 0.94433 0.029833 0.025837 
2.78 0.944611 0.0296936 0.025695 
2.79 0.944891 0.0295547 0.025554 
2.8 0.94517 0.0294164 0.025414 
2.81 0.945446 0.0292787 0.0252749 
2.82 0.945722 0.0291416 0.0251368 
2.83 0.945995 0.0290051 0.0249995 
2.84 0.946268 0.0288692 0.0248633 
2.85 0.946538 0.0287339 0.0247279 
2.86 0.946807 0.0285992 0.0245935 
2.87 0.947075 0.0284651 0.02446 
2.88 0.947341 0.0283316 0.0243274 
2.89 0.947606 0.0281988 0.0241957 
2.9 0.947869 0.0280665 0.0240649 
2.91 0.94813 0.0279349 0.023935 
2.92 0.94839 0.0278039 0.023806 
2.93 0.948649 0.0276735 0.0236779 
2.94 0.948906 0.0275437 0.0235507 
2.95 0.949161 0.0274146 0.0234243 
2.96 0.949415 0.0272861 0.0232988 
2.97 0.949668 0.0271583 0.0231742 
2.98 0.949919 0.027031 0.0230504 
2.99 0.950168 0.0269044 0.0229275 
3 0.950416 0.0267784 0.0228055 
3.01 0.950663 0.0266531 0.0226842 
3.02 0.950908 0.0265284 0.0225639 
3.03 0.951151 0.0264043 0.0224443 
3.04 0.951394 0.0262809 0.0223256 
3.05 0.951634 0.0261581 0.0222076 
3.06 0.951874 0.0260359 0.0220906 
3.07 0.952111 0.0259144 0.0219743 
3.08 0.952348 0.0257935 0.0218588 
3.09 0.952583 0.0256732 0.0217441 
3.1 0.952816 0.0255535 0.0216302 
3.11 0.953048 0.0254345 0.0215171 
3.12 0.953279 0.0253161 0.0214047 
3.13 0.953508 0.0251984 0.0212932 
3.14 0.953736 0.0250813 0.0211824 
3.15 0.953963 0.0249648 0.0210724 
3.16 0.954188 0.0248489 0.0209631 
3.17 0.954412 0.0247336 0.0208546 
3.18 0.954634 0.024619 0.0207468 
3.19 0.954855 0.024505 0.0206398 
3.2 0.955075 0.0243916 0.0205335 
3.21 0.955293 0.0242788 0.020428 
3.22 0.95551 0.0241667 0.0203231 
3.23 0.955726 0.0240551 0.020219 
3.24 0.95594 0.0239442 0.0201156 
3.25 0.956153 0.0238339 0.020013 
3.26 0.956365 0.0237242 0.019911 
3.27 0.956575 0.0236151 0.0198097 
3.28 0.956784 0.0235066 0.0197091 
3.29 0.956992 0.0233987 0.0196092 
3.3 0.957199 0.0232914 0.01951 
3.31 0.957404 0.0231847 0.0194115 
3.32 0.957608 0.0230786 0.0193136 
3.33 0.957811 0.0229731 0.0192164 
3.34 0.958012 0.0228682 0.0191199 
3.35 0.958212 0.0227638 0.019024 
3.36 0.958411 0.0226601 0.0189288 
3.37 0.958609 0.0225569 0.0188342 
3.38 0.958805 0.0224543 0.0187403 
3.39 0.959001 0.0223523 0.018647 
3.4 0.959195 0.0222509 0.0185544 
3.41 0.959388 0.0221501 0.0184623 
3.42 0.959579 0.0220498 0.0183709 
3.43 0.95977 0.0219501 0.0182802 
3.44 0.959959 0.0218509 0.01819 
3.45 0.960147 0.0217523 0.0181004 
3.46 0.960334 0.0216543 0.0180115 
3.47 0.96052 0.0215568 0.0179231 
3.48 0.960705 0.0214599 0.0178354 
3.49 0.960888 0.0213636 0.0177482 
3.5 0.961071 0.0212678 0.0176616 
3.51 0.961252 0.0211725 0.0175756 
3.52 0.961432 0.0210778 0.0174902 
3.53 0.961611 0.0209836 0.0174053 
3.54 0.961789 0.02089 0.017321 
3.55 0.961966 0.0207969 0.0172373 
3.56 0.962142 0.0207043 0.0171542 
3.57 0.962316 0.0206122 0.0170716 
3.58 0.96249 0.0205207 0.0169895 
3.59 0.962662 0.0204297 0.016908 
3.6 0.962834 0.0203393 0.016827 
3.61 0.963004 0.0202493 0.0167466 
3.62 0.963173 0.0201599 0.0166667 
3.63 0.963342 0.020071 0.0165873 
3.64 0.963509 0.0199825 0.0165085 
3.65 0.963675 0.0198946 0.0164302 
3.66 0.96384 0.0198072 0.0163524 
3.67 0.964005 0.0197203 0.0162751 
3.68 0.964168 0.0196339 0.0161983 
3.69 0.96433 0.019548 0.016122 
3.7 0.964491 0.0194626 0.0160463 
3.71 0.964651 0.0193777 0.015971 
3.72 0.964811 0.0192933 0.0158962 
3.73 0.964969 0.0192093 0.0158219 
3.74 0.965126 0.0191258 0.0157481 
3.75 0.965282 0.0190429 0.0156748 
3.76 0.965438 0.0189603 0.0156019 
3.77 0.965592 0.0188783 0.0155295 
3.78 0.965746 0.0187967 0.0154576 
3.79 0.965898 0.0187156 0.0153862 
3.8 0.96605 0.018635 0.0153152 
3.81 0.9662 0.0185548 0.0152447 
3.82 0.96635 0.0184751 0.0151746 
3.83 0.966499 0.0183958 0.015105 
3.84 0.966647 0.018317 0.0150359 
3.85 0.966794 0.0182387 0.0149672 
3.86 0.96694 0.0181608 0.0148989 
3.87 0.967086 0.0180833 0.0148311 
3.88 0.96723 0.0180063 0.0147637 
3.89 0.967374 0.0179297 0.0146967 
3.9 0.967516 0.0178536 0.0146302 
3.91 0.967658 0.0177778 0.014564 
3.92 0.967799 0.0177026 0.0144984 
3.93 0.967939 0.0176277 0.0144331 
3.94 0.968078 0.0175533 0.0143682 
3.95 0.968217 0.0174793 0.0143038 
3.96 0.968355 0.0174057 0.0142397 
3.97 0.968491 0.0173326 0.0141761 
3.98 0.968627 0.0172598 0.0141129 
3.99 0.968762 0.0171875 0.01405 
4 0.968897 0.0171156 0.0139876 
4.01 0.96903 0.0170441 0.0139256 
4.02 0.969163 0.016973 0.0138639 
4.03 0.969295 0.0169023 0.0138026 
4.04 0.969426 0.0168319 0.0137418 
4.05 0.969557 0.016762 0.0136813 
4.06 0.969686 0.0166925 0.0136211 
4.07 0.969815 0.0166234 0.0135614 
4.08 0.969943 0.0165547 0.013502 
4.09 0.970071 0.0164864 0.013443 
4.1 0.970197 0.0164184 0.0133844 
4.11 0.970323 0.0163508 0.0133261 
4.12 0.970448 0.0162836 0.0132682 
4.13 0.970573 0.0162168 0.0132106 
4.14 0.970696 0.0161504 0.0131534 
4.15 0.970819 0.0160843 0.0130966 
4.16 0.970941 0.0160186 0.0130401 
4.17 0.971063 0.0159533 0.0129839 
4.18 0.971184 0.0158884 0.0129281 
4.19 0.971304 0.0158238 0.0128727 
4.2 0.971423 0.0157595 0.0128175 
4.21 0.971542 0.0156956 0.0127627 
4.22 0.97166 0.0156321 0.0127083 
4.23 0.971777 0.015569 0.0126542 
4.24 0.971893 0.0155062 0.0126004 
4.25 0.972009 0.0154437 0.0125469 
4.26 0.972125 0.0153816 0.0124938 
4.27 0.972239 0.0153198 0.0124409 
4.28 0.972353 0.0152584 0.0123884 
4.29 0.972466 0.0151973 0.0123363 
4.3 0.972579 0.0151365 0.0122844 
4.31 0.972691 0.0150761 0.0122328 
4.32 0.972802 0.0150161 0.0121816 
4.33 0.972913 0.0149563 0.0121307 
4.34 0.973023 0.0148969 0.01208 
4.35 0.973133 0.0148378 0.0120297 
4.36 0.973241 0.014779 0.0119797 
4.37 0.973349 0.0147206 0.0119299 
4.38 0.973457 0.0146625 0.0118805 
4.39 0.973564 0.0146047 0.0118313 
4.4 0.97367 0.0145472 0.0117825 
4.41 0.973776 0.01449 0.0117339 
4.42 0.973881 0.0144332 0.0116857 
4.43 0.973986 0.0143766 0.0116377 
4.44 0.97409 0.0143204 0.01159 
4.45 0.974193 0.0142645 0.0115425 
4.46 0.974296 0.0142089 0.0114954 
4.47 0.974398 0.0141535 0.0114485 
4.48 0.9745 0.0140985 0.0114019 
4.49 0.974601 0.0140438 0.0113556 
4.5 0.974701 0.0139894 0.0113095 
4.51 0.974801 0.0139352 0.0112638 
4.52 0.9749 0.0138814 0.0112182 
4.53 0.974999 0.0138279 0.011173 
4.54 0.975097 0.0137746 0.011128 
4.55 0.975195 0.0137216 0.0110833 
4.56 0.975292 0.013669 0.0110388 
4.57 0.975389 0.0136166 0.0109946 
4.58 0.975485 0.0135645 0.0109506 
4.59 0.97558 0.0135126 0.0109069 
4.6 0.975675 0.0134611 0.0108635 
4.61 0.97577 0.0134098 0.0108203 
4.62 0.975864 0.0133588 0.0107773 
4.63 0.975957 0.0133081 0.0107346 
4.64 0.97605 0.0132576 0.0106922 
4.65 0.976143 0.0132074 0.0106499 
4.66 0.976235 0.0131575 0.010608 
4.67 0.976326 0.0131078 0.0105662 
4.68 0.976417 0.0130584 0.0105247 
4.69 0.976507 0.0130093 0.0104834 
4.7 0.976597 0.0129604 0.0104424 
4.71 0.976687 0.0129118 0.0104016 
4.72 0.976776 0.0128635 0.010361 
4.73 0.976864 0.0128154 0.0103207 
4.74 0.976952 0.0127675 0.0102806 
4.75 0.977039 0.0127199 0.0102407 
4.76 0.977126 0.0126726 0.010201 
4.77 0.977213 0.0126255 0.0101616 
4.78 0.977299 0.0125786 0.0101224 
4.79 0.977385 0.012532 0.0100834 
4.8 0.97747 0.0124857 0.0100446 
4.81 0.977554 0.0124396 0.010006 
4.82 0.977639 0.0123937 0.00996764 
4.83 0.977722 0.0123481 0.0099295 
4.84 0.977806 0.0123027 0.00989156 
4.85 0.977889 0.0122575 0.00985384 
4.86 0.977971 0.0122126 0.00981633 
4.87 0.978053 0.0121679 0.00977902 
4.88 0.978135 0.0121235 0.00974192 
4.89 0.978216 0.0120792 0.00970503 
4.9 0.978296 0.0120352 0.00966833 
4.91 0.978377 0.0119915 0.00963184 
4.92 0.978457 0.0119479 0.00959555 
4.93 0.978536 0.0119046 0.00955945 
4.94 0.978615 0.0118615 0.00952355 
4.95 0.978693 0.0118186 0.00948785 
4.96 0.978772 0.011776 0.00945235 
4.97 0.978849 0.0117336 0.00941703 
4.98 0.978927 0.0116914 0.00938191 
4.99 0.979004 0.0116494 0.00934698 
5 0.97908 0.0116076 0.00931223 

