0.01 0.393871 0.176695 0.429434 
0.02 0.158624 0.684676 0.1567 
0.03 0.0616831 0.014163 0.924154 
0.04 0.367947 0.317901 0.314152 
0.05 0.417639 0.359114 0.223246 
0.06 0.622825 0.131289 0.245886 
0.07 0.575295 0.0334704 0.391235 
0.08 0.282478 0.633308 0.0842139 
0.09 0.233647 0.674361 0.0919914 
0.1 0.203374 0.745626 0.0510002 
0.11 0.318846 0.25413 0.427023 
0.12 0.272339 0.286327 0.441334 
0.13 0.186987 0.592127 0.220886 
0.14 0.206293 0.417942 0.375765 
0.15 0.239268 0.158296 0.602436 
0.16 0.0898612 0.892172 0.0179665 
0.17 0.172168 0.400343 0.427489 
0.18 0.22106 0.010877 0.768062 
0.19 0.125016 0.514195 0.360788 
0.2 0.0591797 0.929646 0.0111746 
0.21 0.0954879 0.696348 0.208164 
0.22 0.158952 0.210932 0.630116 
0.23 0.174697 0.00323805 0.822065 
0.24 0.136294 0.19651 0.667196 
0.25 0.0801772 0.578181 0.341641 
0.26 0.0419323 0.880192 0.0778762 
0.27 0.0355115 0.958681 0.0058076 
0.28 0.0550862 0.81911 0.125804 
0.29 0.0858441 0.556504 0.357652 
0.3 0.113563 0.284168 0.602269 
0.31 0.129447 0.0872652 0.783288 
0.32 0.130831 0.00640627 0.862763 
0.33 0.119626 0.0420324 0.838341 
0.34 0.10015 0.168113 0.731736 
0.35 0.0772679 0.346868 0.575864 
0.36 0.0551881 0.540249 0.404563 
0.37 0.0368949 0.716973 0.246132 
0.38 0.0240463 0.855574 0.12038 
0.39 0.017148 0.94462 0.0382323 
0.4 0.0158489 0.981262 0.00288863 
0.41 0.0192542 0.969067 0.0116789 
0.42 0.0261975 0.915747 0.058055 
0.43 0.0354504 0.831176 0.133374 
0.44 0.0458646 0.725818 0.228318 
0.45 0.0564561 0.609625 0.333918 
0.46 0.0664443 0.491342 0.442214 
0.47 0.0752584 0.37814 0.546602 
0.48 0.0825233 0.275504 0.641973 
0.49 0.0880335 0.187291 0.724676 
0.5 0.0917224 0.115885 0.792393 
0.51 0.0936309 0.0624201 0.843949 
0.52 0.0938775 0.0270114 0.879111 
0.53 0.0926334 0.00898852 0.898378 
0.54 0.0901006 0.00710826 0.902791 
0.55 0.0864955 0.0197394 0.893765 
0.56 0.0820355 0.0450182 0.872946 
0.57 0.0769295 0.0809738 0.842097 
0.58 0.0713722 0.125625 0.803002 
0.59 0.0655393 0.177055 0.757406 
0.6 0.0595856 0.23346 0.706955 
0.61 0.0536442 0.293186 0.65317 
0.62 0.0478272 0.354748 0.597425 
0.63 0.042226 0.416839 0.540935 
0.64 0.0369137 0.478332 0.484754 
0.65 0.0319459 0.538275 0.429779 
0.66 0.0273634 0.595879 0.376758 
0.67 0.0231938 0.650509 0.326297 
0.68 0.0194532 0.701669 0.278878 
0.69 0.0161484 0.748987 0.234865 
0.7 0.013278 0.792202 0.19452 
0.71 0.0108342 0.831148 0.158017 
0.72 0.00880431 0.865743 0.125453 
0.73 0.00717131 0.895972 0.096857 
0.74 0.00591535 0.92188 0.0722048 
0.75 0.00501437 0.94356 0.0514256 
0.76 0.0044449 0.961144 0.0344115 
0.77 0.00418266 0.974792 0.0210251 
0.78 0.00420304 0.984691 0.011106 
0.79 0.00448151 0.991042 0.00447682 
0.8 0.00499396 0.994058 0.000948147 
0.81 0.00571696 0.99396 0.000322743 
0.82 0.00662792 0.990973 0.00239923 
0.83 0.00770526 0.98532 0.00697511 
0.84 0.00892854 0.977222 0.0138492 
0.85 0.0102785 0.966898 0.0228239 
0.86 0.011737 0.954557 0.0337063 
0.87 0.0132872 0.940403 0.0463102 
0.88 0.0149135 0.92463 0.0604563 
0.89 0.0166016 0.907425 0.0759736 
0.9 0.0183381 0.888962 0.0926994 
0.91 0.0201109 0.869409 0.11048 
0.92 0.021909 0.84892 0.129171 
0.93 0.0237224 0.827643 0.148635 
0.94 0.025542 0.805711 0.168747 
0.95 0.0273597 0.783252 0.189388 
0.96 0.0291682 0.760383 0.210448 
0.97 0.0309611 0.737212 0.231827 
0.98 0.0327326 0.713836 0.253431 
0.99 0.0344776 0.690347 0.275175 
1 0.0361919 0.666828 0.29698 
1.01 0.0378715 0.643353 0.318775 
1.02 0.0395132 0.619991 0.340496 
1.03 0.0411142 0.596803 0.362082 
1.04 0.0426721 0.573845 0.383483 
1.05 0.044185 0.551165 0.40465 
1.06 0.0456514 0.528808 0.425541 
1.07 0.04707 0.506812 0.446118 
1.08 0.0484399 0.485211 0.466349 
1.09 0.0497605 0.464035 0.486204 
1.1 0.0510314 0.44331 0.505658 
1.11 0.0522523 0.423058 0.52469 
1.12 0.0534232 0.403297 0.54328 
1.13 0.0545445 0.384043 0.561413 
1.14 0.0556163 0.365307 0.579076 
1.15 0.0566391 0.347101 0.59626 
1.16 0.0576137 0.329432 0.612954 
1.17 0.0585405 0.312304 0.629155 
1.18 0.0594204 0.295722 0.644857 
1.19 0.0602543 0.279687 0.660058 
1.2 0.061043 0.264199 0.674758 
1.21 0.0617876 0.249257 0.688956 
1.22 0.062489 0.234857 0.702654 
1.23 0.0631483 0.220996 0.715855 
1.24 0.0637665 0.207669 0.728564 
1.25 0.0643447 0.19487 0.740785 
1.26 0.0648842 0.182593 0.752523 
1.27 0.0653858 0.170829 0.763785 
1.28 0.0658509 0.159571 0.774578 
1.29 0.0662805 0.148811 0.784908 
1.3 0.0666757 0.138539 0.794785 
1.31 0.0670377 0.128747 0.804216 
1.32 0.0673675 0.119423 0.813209 
1.33 0.0676663 0.110559 0.821774 
1.34 0.0679351 0.102145 0.82992 
1.35 0.0681749 0.0941692 0.837656 
1.36 0.0683869 0.086622 0.844991 
1.37 0.068572 0.0794929 0.851935 
1.38 0.0687312 0.0727711 0.858498 
1.39 0.0688656 0.0664462 0.864688 
1.4 0.068976 0.0605076 0.870516 
1.41 0.0690634 0.0549447 0.875992 
1.42 0.0691288 0.0497471 0.881124 
1.43 0.0691729 0.0449044 0.885923 
1.44 0.0691968 0.0404063 0.890397 
1.45 0.0692011 0.0362428 0.894556 
1.46 0.0691868 0.0324036 0.89841 
1.47 0.0691546 0.0288791 0.901966 
1.48 0.0691052 0.0256594 0.905235 
1.49 0.0690396 0.0227349 0.908226 
1.5 0.0689582 0.0200964 0.910945 
1.51 0.068862 0.0177346 0.913403 
1.52 0.0687514 0.0156404 0.915608 
1.53 0.0686273 0.013805 0.917568 
1.54 0.0684901 0.0122198 0.91929 
1.55 0.0683406 0.0108762 0.920783 
1.56 0.0681793 0.00976604 0.922055 
1.57 0.0680068 0.00888122 0.923112 
1.58 0.0678237 0.00821385 0.923962 
1.59 0.0676304 0.00775625 0.924613 
1.6 0.0674275 0.00750092 0.925072 
1.61 0.0672154 0.00744055 0.925344 
1.62 0.0669947 0.00756805 0.925437 
1.63 0.0667658 0.0078765 0.925358 
1.64 0.0665292 0.00835915 0.925112 
1.65 0.0662853 0.00900948 0.924705 
1.66 0.0660344 0.00982112 0.924145 
1.67 0.065777 0.0107879 0.923435 
1.68 0.0655134 0.0119038 0.922583 
1.69 0.0652441 0.0131629 0.921593 
1.7 0.0649693 0.0145597 0.920471 
1.71 0.0646894 0.0160887 0.919222 
1.72 0.0644047 0.0177444 0.917851 
1.73 0.0641156 0.0195218 0.916363 
1.74 0.0638223 0.0214158 0.914762 
1.75 0.0635251 0.0234217 0.913053 
1.76 0.0632243 0.0255346 0.911241 
1.77 0.0629201 0.02775 0.90933 
1.78 0.0626128 0.0300635 0.907324 
1.79 0.0623027 0.0324708 0.905226 
1.8 0.06199 0.0349678 0.903042 
1.81 0.0616748 0.0375506 0.900775 
1.82 0.0613574 0.0402151 0.898427 
1.83 0.0610381 0.0429577 0.896004 
1.84 0.0607169 0.0457747 0.893508 
1.85 0.0603942 0.0486626 0.890943 
1.86 0.06007 0.051618 0.888312 
1.87 0.0597446 0.0546377 0.885618 
1.88 0.059418 0.0577185 0.882863 
1.89 0.0590906 0.0608573 0.880052 
1.9 0.0587623 0.0640511 0.877187 
1.91 0.0584334 0.0672971 0.87427 
1.92 0.058104 0.0705926 0.871303 
1.93 0.0577742 0.0739347 0.868291 
1.94 0.0574441 0.0773211 0.865235 
1.95 0.0571139 0.0807492 0.862137 
1.96 0.0567837 0.0842165 0.859 
1.97 0.0564535 0.0877208 0.855826 
1.98 0.0561236 0.0912599 0.852617 
1.99 0.0557939 0.0948315 0.849375 
2 0.0554646 0.0984336 0.846102 
2.01 0.0551358 0.102064 0.8428 
2.02 0.0548076 0.105721 0.839471 
2.03 0.0544799 0.109403 0.836117 
2.04 0.054153 0.113108 0.832739 
2.05 0.0538269 0.116834 0.82934 
2.06 0.0535016 0.120579 0.82592 
2.07 0.0531772 0.124342 0.822481 
2.08 0.0528538 0.128121 0.819025 
2.09 0.0525315 0.131916 0.815553 
2.1 0.0522102 0.135723 0.812066 
2.11 0.0518901 0.139543 0.808567 
2.12 0.0515712 0.143373 0.805056 
2.13 0.0512535 0.147213 0.801534 
2.14 0.0509371 0.15106 0.798002 
2.15 0.0506221 0.154915 0.794463 
2.16 0.0503084 0.158775 0.790916 
2.17 0.0499961 0.162641 0.787363 
2.18 0.0496853 0.166509 0.783805 
2.19 0.0493759 0.170381 0.780243 
2.2 0.0490681 0.174254 0.776678 
2.21 0.0487617 0.178127 0.773111 
2.22 0.048457 0.182001 0.769542 
2.23 0.0481538 0.185873 0.765973 
2.24 0.0478522 0.189744 0.762404 
2.25 0.0475523 0.193611 0.758836 
2.26 0.047254 0.197476 0.75527 
2.27 0.0469574 0.201336 0.751707 
2.28 0.0466625 0.205191 0.748146 
2.29 0.0463693 0.209041 0.74459 
2.3 0.0460778 0.212884 0.741038 
2.31 0.045788 0.21672 0.737492 
2.32 0.0455 0.22055 0.733951 
2.33 0.0452137 0.224371 0.730416 
2.34 0.0449292 0.228183 0.726888 
2.35 0.0446464 0.231986 0.723367 
2.36 0.0443655 0.23578 0.719854 
2.37 0.0440863 0.239564 0.71635 
2.38 0.0438089 0.243337 0.712854 
2.39 0.0435333 0.2471 0.709367 
2.4 0.0432595 0.250851 0.70589 
2.41 0.0429875 0.25459 0.702423 
2.42 0.0427173 0.258317 0.698966 
2.43 0.0424489 0.262032 0.69552 
2.44 0.0421823 0.265733 0.692084 
2.45 0.0419175 0.269422 0.688661 
2.46 0.0416546 0.273097 0.685248 
2.47 0.0413934 0.276759 0.681848 
2.48 0.041134 0.280406 0.67846 
2.49 0.0408765 0.284039 0.675084 
2.5 0.0406207 0.287658 0.671721 
2.51 0.0403667 0.291262 0.668371 
2.52 0.0401145 0.294851 0.665035 
2.53 0.0398641 0.298424 0.661711 
2.54 0.0396155 0.301983 0.658402 
2.55 0.0393687 0.305525 0.655106 
2.56 0.0391236 0.309052 0.651824 
2.57 0.0388803 0.312564 0.648556 
2.58 0.0386387 0.316059 0.645303 
2.59 0.0383989 0.319537 0.642064 
2.6 0.0381609 0.323 0.638839 
2.61 0.0379246 0.326446 0.63563 
2.62 0.03769 0.329875 0.632435 
2.63 0.0374571 0.333288 0.629255 
2.64 0.037226 0.336684 0.62609 
2.65 0.0369965 0.340063 0.622941 
2.66 0.0367688 0.343425 0.619806 
2.67 0.0365427 0.34677 0.616687 
2.68 0.0363184 0.350098 0.613584 
2.69 0.0360957 0.353409 0.610496 
2.7 0.0358746 0.356702 0.607423 
2.71 0.0356552 0.359978 0.604366 
2.72 0.0354375 0.363237 0.601325 
2.73 0.0352214 0.366479 0.5983 
2.74 0.0350069 0.369703 0.59529 
2.75 0.034794 0.37291 0.592296 
2.76 0.0345828 0.3761 0.589318 
2.77 0.0343731 0.379272 0.586355 
2.78 0.034165 0.382426 0.583409 
2.79 0.0339585 0.385563 0.580478 
2.8 0.0337536 0.388683 0.577563 
2.81 0.0335502 0.391785 0.574664 
2.82 0.0333483 0.39487 0.571781 
2.83 0.033148 0.397938 0.568914 
2.84 0.0329492 0.400988 0.566063 
2.85 0.0327519 0.40402 0.563228 
2.86 0.0325562 0.407036 0.560408 
2.87 0.0323619 0.410034 0.557604 
2.88 0.0321691 0.413014 0.554817 
2.89 0.0319777 0.415978 0.552045 
2.9 0.0317878 0.418924 0.549288 
2.91 0.0315994 0.421853 0.546548 
2.92 0.0314124 0.424765 0.543823 
2.93 0.0312268 0.427659 0.541114 
2.94 0.0310427 0.430537 0.53842 
2.95 0.0308599 0.433398 0.535742 
2.96 0.0306786 0.436241 0.53308 
2.97 0.0304986 0.439068 0.530433 
2.98 0.03032 0.441878 0.527802 
2.99 0.0301428 0.444671 0.525186 
3 0.0299669 0.447447 0.522586 
3.01 0.0297924 0.450207 0.52 
3.02 0.0296192 0.45295 0.517431 
3.03 0.0294473 0.455677 0.514876 
3.04 0.0292767 0.458387 0.512336 
3.05 0.0291074 0.46108 0.509812 
3.06 0.0289394 0.463758 0.507303 
3.07 0.0287727 0.466419 0.504808 
3.08 0.0286073 0.469064 0.502329 
3.09 0.0284431 0.471692 0.499865 
3.1 0.0282802 0.474305 0.497415 
3.11 0.0281185 0.476902 0.49498 
3.12 0.027958 0.479482 0.49256 
3.13 0.0277988 0.482047 0.490154 
3.14 0.0276407 0.484596 0.487763 
3.15 0.0274839 0.48713 0.485386 
3.16 0.0273282 0.489647 0.483024 
3.17 0.0271738 0.49215 0.480676 
3.18 0.0270205 0.494637 0.478343 
3.19 0.0268683 0.497108 0.476024 
3.2 0.0267173 0.499564 0.473718 
3.21 0.0265675 0.502005 0.471427 
3.22 0.0264187 0.504431 0.46915 
3.23 0.0262711 0.506842 0.466887 
3.24 0.0261246 0.509238 0.464637 
3.25 0.0259792 0.511619 0.462402 
3.26 0.0258349 0.513985 0.46018 
3.27 0.0256917 0.516337 0.457971 
3.28 0.0255496 0.518674 0.455776 
3.29 0.0254085 0.520996 0.453595 
3.3 0.0252685 0.523304 0.451427 
3.31 0.0251295 0.525598 0.449273 
3.32 0.0249915 0.527877 0.447131 
3.33 0.0248546 0.530142 0.445003 
3.34 0.0247187 0.532393 0.442888 
3.35 0.0245839 0.53463 0.440786 
3.36 0.02445 0.536854 0.438697 
3.37 0.0243171 0.539063 0.43662 
3.38 0.0241852 0.541258 0.434557 
3.39 0.0240543 0.54344 0.432506 
3.4 0.0239243 0.545608 0.430468 
3.41 0.0237953 0.547763 0.428442 
3.42 0.0236673 0.549904 0.426429 
3.43 0.0235402 0.552032 0.424428 
3.44 0.0234141 0.554147 0.422439 
3.45 0.0232888 0.556248 0.420463 
3.46 0.0231645 0.558336 0.418499 
3.47 0.0230411 0.560412 0.416547 
3.48 0.0229186 0.562474 0.414607 
3.49 0.022797 0.564524 0.412679 
3.5 0.0226763 0.566561 0.410763 
3.51 0.0225565 0.568585 0.408859 
3.52 0.0224376 0.570596 0.406966 
3.53 0.0223195 0.572595 0.405085 
3.54 0.0222023 0.574582 0.403216 
3.55 0.0220859 0.576556 0.401358 
3.56 0.0219703 0.578519 0.399511 
3.57 0.0218557 0.580468 0.397676 
3.58 0.0217418 0.582406 0.395852 
3.59 0.0216287 0.584332 0.394039 
3.6 0.0215165 0.586246 0.392238 
3.61 0.0214051 0.588148 0.390447 
3.62 0.0212945 0.590038 0.388667 
3.63 0.0211847 0.591917 0.386899 
3.64 0.0210756 0.593784 0.385141 
3.65 0.0209674 0.595639 0.383394 
3.66 0.0208599 0.597483 0.381657 
3.67 0.0207532 0.599315 0.379931 
3.68 0.0206472 0.601137 0.378216 
3.69 0.020542 0.602947 0.376511 
3.7 0.0204376 0.604746 0.374817 
3.71 0.0203339 0.606533 0.373133 
3.72 0.0202309 0.60831 0.371459 
3.73 0.0201286 0.610076 0.369795 
3.74 0.0200271 0.611831 0.368142 
3.75 0.0199263 0.613576 0.366498 
3.76 0.0198262 0.615309 0.364865 
3.77 0.0197268 0.617032 0.363241 
3.78 0.0196281 0.618745 0.361627 
3.79 0.0195301 0.620447 0.360023 
3.8 0.0194328 0.622138 0.358429 
3.81 0.0193362 0.62382 0.356844 
3.82 0.0192402 0.625491 0.355269 
3.83 0.0191449 0.627151 0.353704 
3.84 0.0190503 0.628802 0.352148 
3.85 0.0189563 0.630443 0.350601 
3.86 0.018863 0.632073 0.349064 
3.87 0.0187703 0.633694 0.347535 
3.88 0.0186783 0.635305 0.346016 
3.89 0.0185869 0.636907 0.344507 
3.9 0.0184961 0.638498 0.343006 
3.91 0.018406 0.64008 0.341514 
3.92 0.0183164 0.641652 0.340031 
3.93 0.0182275 0.643215 0.338557 
3.94 0.0181392 0.644769 0.337092 
3.95 0.0180515 0.646313 0.335636 
3.96 0.0179644 0.647848 0.334188 
3.97 0.0178779 0.649373 0.332749 
3.98 0.017792 0.65089 0.331318 
3.99 0.0177067 0.652397 0.329896 
4 0.0176219 0.653895 0.328483 
4.01 0.0175377 0.655384 0.327078 
4.02 0.0174541 0.656865 0.325681 
4.03 0.0173711 0.658337 0.324292 
4.04 0.0172886 0.659799 0.322912 
4.05 0.0172066 0.661253 0.32154 
4.06 0.0171252 0.662699 0.320176 
4.07 0.0170444 0.664136 0.31882 
4.08 0.0169641 0.665564 0.317472 
4.09 0.0168844 0.666984 0.316132 
4.1 0.0168051 0.668395 0.3148 
4.11 0.0167264 0.669798 0.313475 
4.12 0.0166483 0.671193 0.312159 
4.13 0.0165706 0.67258 0.31085 
4.14 0.0164934 0.673958 0.309548 
4.15 0.0164168 0.675328 0.308255 
4.16 0.0163407 0.676691 0.306969 
4.17 0.0162651 0.678045 0.30569 
4.18 0.0161899 0.679391 0.304419 
4.19 0.0161153 0.680729 0.303155 
4.2 0.0160412 0.68206 0.301899 
4.21 0.0159675 0.683383 0.30065 
4.22 0.0158943 0.684698 0.299408 
4.23 0.0158216 0.686005 0.298173 
4.24 0.0157494 0.687305 0.296946 
4.25 0.0156777 0.688597 0.295725 
4.26 0.0156064 0.689882 0.294512 
4.27 0.0155356 0.691159 0.293306 
4.28 0.0154652 0.692429 0.292106 
4.29 0.0153953 0.693691 0.290914 
4.3 0.0153258 0.694946 0.289728 
4.31 0.0152568 0.696194 0.288549 
4.32 0.0151882 0.697435 0.287377 
4.33 0.0151201 0.698668 0.286211 
4.34 0.0150524 0.699895 0.285053 
4.35 0.0149852 0.701114 0.2839 
4.36 0.0149183 0.702327 0.282755 
4.37 0.0148519 0.703532 0.281616 
4.38 0.014786 0.704731 0.280483 
4.39 0.0147204 0.705923 0.279357 
4.4 0.0146553 0.707107 0.278237 
4.41 0.0145905 0.708286 0.277124 
4.42 0.0145262 0.709457 0.276017 
4.43 0.0144623 0.710622 0.274916 
4.44 0.0143988 0.71178 0.273821 
4.45 0.0143357 0.712932 0.272733 
4.46 0.014273 0.714077 0.27165 
4.47 0.0142107 0.715215 0.270574 
4.48 0.0141487 0.716348 0.269504 
4.49 0.0140872 0.717473 0.268439 
4.5 0.014026 0.718593 0.267381 
4.51 0.0139652 0.719706 0.266329 
4.52 0.0139048 0.720813 0.265282 
4.53 0.0138448 0.721914 0.264242 
4.54 0.0137852 0.723008 0.263207 
4.55 0.0137259 0.724096 0.262178 
4.56 0.013667 0.725179 0.261154 
4.57 0.0136084 0.726255 0.260137 
4.58 0.0135502 0.727325 0.259125 
4.59 0.0134924 0.72839 0.258118 
4.6 0.0134349 0.729448 0.257117 
4.61 0.0133778 0.7305 0.256122 
4.62 0.013321 0.731547 0.255132 
4.63 0.0132646 0.732588 0.254147 
4.64 0.0132085 0.733623 0.253168 
4.65 0.0131528 0.734653 0.252195 
4.66 0.0130974 0.735676 0.251226 
4.67 0.0130423 0.736694 0.250263 
4.68 0.0129875 0.737707 0.249306 
4.69 0.0129331 0.738714 0.248353 
4.7 0.0128791 0.739715 0.247406 
4.71 0.0128253 0.740711 0.246463 
4.72 0.0127719 0.741702 0.245526 
4.73 0.0127188 0.742687 0.244594 
4.74 0.012666 0.743667 0.243667 
4.75 0.0126135 0.744641 0.242746 
4.76 0.0125614 0.74561 0.241829 
4.77 0.0125095 0.746574 0.240917 
4.78 0.012458 0.747532 0.24001 
4.79 0.0124068 0.748486 0.239108 
4.8 0.0123558 0.749434 0.23821 
4.81 0.0123052 0.750377 0.237318 
4.82 0.0122549 0.751315 0.23643 
4.83 0.0122049 0.752248 0.235547 
4.84 0.0121551 0.753176 0.234669 
4.85 0.0121057 0.754099 0.233795 
4.86 0.0120565 0.755017 0.232926 
4.87 0.0120077 0.75593 0.232062 
4.88 0.0119591 0.756838 0.231203 
4.89 0.0119108 0.757742 0.230347 
4.9 0.0118628 0.75864 0.229497 
4.91 0.0118151 0.759534 0.228651 
4.92 0.0117676 0.760423 0.227809 
4.93 0.0117205 0.761307 0.226972 
4.94 0.0116736 0.762187 0.22614 
4.95 0.0116269 0.763062 0.225311 
4.96 0.0115806 0.763932 0.224487 
4.97 0.0115345 0.764798 0.223668 
4.98 0.0114887 0.765659 0.222852 
4.99 0.0114431 0.766516 0.222041 
5 0.0113978 0.767368 0.221235 

