0.01 0.358556 0.2531 0.388344 
0.02 0.127061 0.718894 0.154045 
0.03 0.17943 0.0417076 0.778862 
0.04 0.618868 0.182216 0.198916 
0.05 0.636521 0.239685 0.123795 
0.06 0.525085 0.0768166 0.398098 
0.07 0.396722 0.0407312 0.562547 
0.08 0.379588 0.581848 0.038564 
0.09 0.240389 0.702845 0.0567662 
0.1 0.26005 0.717728 0.0222229 
0.11 0.296195 0.182291 0.521514 
0.12 0.106224 0.364539 0.529237 
0.13 0.222303 0.530943 0.246754 
0.14 0.0696829 0.490382 0.439935 
0.15 0.188434 0.115246 0.696321 
0.16 0.102133 0.890234 0.00763297 
0.17 0.0468824 0.461858 0.49126 
0.18 0.125493 0.00388406 0.870623 
0.19 0.133911 0.470637 0.395452 
0.2 0.0624869 0.932678 0.00483496 
0.21 0.0217946 0.744396 0.233809 
0.22 0.0453228 0.251539 0.703139 
0.23 0.0884421 0.0049275 0.90663 
0.24 0.105887 0.167925 0.726188 
0.25 0.0885359 0.546941 0.364523 
0.26 0.0537052 0.86847 0.0778249 
0.27 0.0230146 0.972901 0.00408428 
0.28 0.00893131 0.852316 0.138752 
0.29 0.012667 0.595829 0.391504 
0.3 0.0282294 0.317569 0.654201 
0.31 0.0474949 0.107206 0.845299 
0.32 0.0637173 0.0106298 0.925653 
0.33 0.0730027 0.0325156 0.894482 
0.34 0.0742921 0.149332 0.776376 
0.35 0.0685921 0.32413 0.607278 
0.36 0.0580288 0.518459 0.423512 
0.37 0.0450432 0.699916 0.255041 
0.38 0.0318465 0.845643 0.122511 
0.39 0.0201326 0.942857 0.0370107 
0.4 0.0109895 0.987583 0.00142774 
0.41 0.00493864 0.982559 0.0125027 
0.42 0.00204142 0.934977 0.0629812 
0.43 0.00202917 0.854458 0.143513 
0.44 0.00442774 0.751425 0.244148 
0.45 0.00866282 0.635942 0.355395 
0.46 0.0141402 0.516963 0.468897 
0.47 0.0203017 0.401919 0.577779 
0.48 0.0266589 0.296575 0.676766 
0.49 0.0328113 0.205056 0.762133 
0.5 0.0384502 0.129992 0.831558 
0.51 0.0433559 0.0727298 0.883914 
0.52 0.0473882 0.0335597 0.919052 
0.53 0.0504751 0.0119496 0.937575 
0.54 0.0526003 0.00675936 0.94064 
0.55 0.0537907 0.0164294 0.92978 
0.56 0.0541054 0.0391408 0.906754 
0.57 0.0536255 0.0729446 0.87343 
0.58 0.0524462 0.115864 0.83169 
0.59 0.0506695 0.165972 0.783358 
0.6 0.0483994 0.221445 0.730156 
0.61 0.0457375 0.2806 0.673662 
0.62 0.0427803 0.341921 0.615299 
0.63 0.039617 0.404065 0.556318 
0.64 0.0363285 0.465869 0.497802 
0.65 0.0329865 0.526344 0.440669 
0.66 0.0296536 0.584667 0.38568 
0.67 0.0263832 0.640169 0.333447 
0.68 0.02322 0.692325 0.284455 
0.69 0.0202006 0.740733 0.239067 
0.7 0.017354 0.785106 0.19754 
0.71 0.0147028 0.825258 0.16004 
0.72 0.0122631 0.861083 0.126654 
0.73 0.010046 0.892551 0.097403 
0.74 0.00805806 0.919692 0.0722501 
0.75 0.00630177 0.942585 0.0511128 
0.76 0.00477637 0.961352 0.0338713 
0.77 0.00347832 0.976146 0.0203761 
0.78 0.00240186 0.987143 0.0104553 
0.79 0.00153938 0.994541 0.00392 
0.8 0.000881898 0.998548 0.000569863 
0.81 0.000419341 0.999383 0.000197329 
0.82 0.000140876 0.997268 0.00259128 
0.83 3.51549e-05 0.992425 0.00754011 
0.84 9.0535e-05 0.985075 0.0148342 
0.85 0.00029526 0.975437 0.0242681 
0.86 0.000637614 0.963721 0.0356418 
0.87 0.00110604 0.950131 0.0487625 
0.88 0.00168925 0.934866 0.0634451 
0.89 0.00237629 0.918111 0.0795131 
0.9 0.00315662 0.900044 0.0967992 
0.91 0.00402014 0.880835 0.115145 
0.92 0.00495724 0.860641 0.134402 
0.93 0.0059588 0.83961 0.154431 
0.94 0.00701624 0.817881 0.175103 
0.95 0.00812148 0.795583 0.196296 
0.96 0.00926697 0.772834 0.217899 
0.97 0.0104457 0.749746 0.239808 
0.98 0.011651 0.72642 0.261929 
0.99 0.012877 0.702948 0.284175 
1 0.014118 0.679415 0.306467 
1.01 0.0153689 0.655899 0.328732 
1.02 0.016625 0.632471 0.350904 
1.03 0.0178819 0.609193 0.372925 
1.04 0.0191359 0.586123 0.394741 
1.05 0.0203833 0.563311 0.416305 
1.06 0.0216209 0.540805 0.437574 
1.07 0.0228459 0.518643 0.458511 
1.08 0.0240557 0.496862 0.479083 
1.09 0.025248 0.475493 0.499259 
1.1 0.0264208 0.454562 0.519017 
1.11 0.0275724 0.434094 0.538333 
1.12 0.0287011 0.414108 0.557191 
1.13 0.0298056 0.394621 0.575574 
1.14 0.0308848 0.375646 0.59347 
1.15 0.0319376 0.357194 0.610869 
1.16 0.0329634 0.339273 0.627763 
1.17 0.0339615 0.321891 0.644148 
1.18 0.0349312 0.305051 0.660018 
1.19 0.0358722 0.288755 0.675373 
1.2 0.0367844 0.273004 0.690212 
1.21 0.0376673 0.257797 0.704535 
1.22 0.0385211 0.243133 0.718346 
1.23 0.0393456 0.229007 0.731647 
1.24 0.040141 0.215415 0.744444 
1.25 0.0409074 0.202353 0.75674 
1.26 0.0416451 0.189813 0.768542 
1.27 0.0423542 0.177788 0.779858 
1.28 0.0430351 0.166271 0.790693 
1.29 0.0436881 0.155254 0.801057 
1.3 0.0443137 0.144728 0.810958 
1.31 0.0449123 0.134684 0.820403 
1.32 0.0454842 0.125113 0.829403 
1.33 0.0460301 0.116003 0.837967 
1.34 0.0465503 0.107347 0.846103 
1.35 0.0470455 0.0991327 0.853822 
1.36 0.0475161 0.0913508 0.861133 
1.37 0.0479626 0.0839906 0.868047 
1.38 0.0483857 0.0770416 0.874573 
1.39 0.0487859 0.0704935 0.880721 
1.4 0.0491637 0.0643355 0.886501 
1.41 0.0495197 0.0585574 0.891923 
1.42 0.0498545 0.0531487 0.896997 
1.43 0.0501686 0.048099 0.901732 
1.44 0.0504626 0.0433981 0.906139 
1.45 0.050737 0.0390358 0.910227 
1.46 0.0509925 0.0350022 0.914005 
1.47 0.0512295 0.0312873 0.917483 
1.48 0.0514485 0.0278814 0.92067 
1.49 0.0516503 0.0247749 0.923575 
1.5 0.0518351 0.0219584 0.926206 
1.51 0.0520037 0.0194227 0.928574 
1.52 0.0521564 0.0171588 0.930685 
1.53 0.0522939 0.0151576 0.932549 
1.54 0.0524165 0.0134105 0.934173 
1.55 0.0525247 0.0119091 0.935566 
1.56 0.0526192 0.010645 0.936736 
1.57 0.0527002 0.00961001 0.93769 
1.58 0.0527683 0.00879627 0.938435 
1.59 0.0528238 0.00819603 0.93898 
1.6 0.0528674 0.00780173 0.939331 
1.61 0.0528992 0.00760602 0.939495 
1.62 0.0529199 0.00760173 0.939478 
1.63 0.0529297 0.00778187 0.939288 
1.64 0.052929 0.00813967 0.938931 
1.65 0.0529183 0.00866851 0.938413 
1.66 0.052898 0.00936198 0.93774 
1.67 0.0528683 0.0102138 0.936918 
1.68 0.0528296 0.011218 0.935952 
1.69 0.0527823 0.0123685 0.934849 
1.7 0.0527267 0.0136598 0.933614 
1.71 0.0526631 0.0150862 0.932251 
1.72 0.0525918 0.0166423 0.930766 
1.73 0.0525132 0.018323 0.929164 
1.74 0.0524275 0.0201232 0.927449 
1.75 0.0523351 0.0220378 0.925627 
1.76 0.0522361 0.0240623 0.923702 
1.77 0.0521309 0.0261919 0.921677 
1.78 0.0520197 0.0284222 0.919558 
1.79 0.0519028 0.0307488 0.917348 
1.8 0.0517805 0.0331676 0.915052 
1.81 0.0516529 0.0356744 0.912673 
1.82 0.0515203 0.0382655 0.910214 
1.83 0.0513829 0.0409369 0.90768 
1.84 0.0512409 0.0436849 0.905074 
1.85 0.0510946 0.0465061 0.902399 
1.86 0.0509442 0.0493969 0.899659 
1.87 0.0507897 0.0523541 0.896856 
1.88 0.0506315 0.0553743 0.893994 
1.89 0.0504697 0.0584546 0.891076 
1.9 0.0503045 0.0615918 0.888104 
1.91 0.050136 0.0647832 0.885081 
1.92 0.0499645 0.0680258 0.88201 
1.93 0.04979 0.0713169 0.878893 
1.94 0.0496128 0.074654 0.875733 
1.95 0.0494329 0.0780344 0.872533 
1.96 0.0492506 0.0814558 0.869294 
1.97 0.049066 0.0849158 0.866018 
1.98 0.0488791 0.0884121 0.862709 
1.99 0.0486902 0.0919426 0.859367 
2 0.0484993 0.095505 0.855996 
2.01 0.0483066 0.0990973 0.852596 
2.02 0.0481121 0.102718 0.84917 
2.03 0.0479161 0.106364 0.84572 
2.04 0.0477186 0.110035 0.842247 
2.05 0.0475197 0.113728 0.838753 
2.06 0.0473195 0.117442 0.835239 
2.07 0.0471181 0.121174 0.831707 
2.08 0.0469156 0.124925 0.82816 
2.09 0.0467121 0.128691 0.824597 
2.1 0.0465077 0.132472 0.82102 
2.11 0.0463025 0.136266 0.817431 
2.12 0.0460965 0.140072 0.813832 
2.13 0.0458898 0.143888 0.810222 
2.14 0.0456825 0.147713 0.806604 
2.15 0.0454746 0.151547 0.802979 
2.16 0.0452664 0.155387 0.799347 
2.17 0.0450577 0.159232 0.79571 
2.18 0.0448486 0.163083 0.792069 
2.19 0.0446393 0.166936 0.788424 
2.2 0.0444298 0.170793 0.784778 
2.21 0.0442202 0.17465 0.781129 
2.22 0.0440104 0.178509 0.777481 
2.23 0.0438006 0.182367 0.773833 
2.24 0.0435907 0.186224 0.770185 
2.25 0.0433809 0.190079 0.76654 
2.26 0.0431713 0.193931 0.762898 
2.27 0.0429617 0.19778 0.759258 
2.28 0.0427523 0.201625 0.755623 
2.29 0.0425432 0.205464 0.751992 
2.3 0.0423343 0.209298 0.748367 
2.31 0.0421257 0.213126 0.744748 
2.32 0.0419175 0.216947 0.741135 
2.33 0.0417096 0.220761 0.737529 
2.34 0.0415021 0.224567 0.733931 
2.35 0.0412951 0.228364 0.730341 
2.36 0.0410885 0.232152 0.726759 
2.37 0.0408824 0.235931 0.723187 
2.38 0.0406769 0.2397 0.719624 
2.39 0.0404719 0.243458 0.71607 
2.4 0.0402674 0.247205 0.712527 
2.41 0.0400636 0.250941 0.708995 
2.42 0.0398604 0.254666 0.705474 
2.43 0.0396578 0.258378 0.701964 
2.44 0.0394559 0.262078 0.698466 
2.45 0.0392546 0.265766 0.69498 
2.46 0.0390541 0.26944 0.691506 
2.47 0.0388543 0.273101 0.688045 
2.48 0.0386552 0.276748 0.684597 
2.49 0.0384569 0.280382 0.681162 
2.5 0.0382593 0.284001 0.67774 
2.51 0.0380625 0.287606 0.674332 
2.52 0.0378666 0.291196 0.670937 
2.53 0.0376714 0.294771 0.667557 
2.54 0.0374771 0.298332 0.664191 
2.55 0.0372835 0.301877 0.66084 
2.56 0.0370909 0.305406 0.657503 
2.57 0.0368991 0.30892 0.654181 
2.58 0.0367081 0.312418 0.650874 
2.59 0.036518 0.315901 0.647581 
2.6 0.0363289 0.319367 0.644304 
2.61 0.0361406 0.322817 0.641043 
2.62 0.0359531 0.32625 0.637797 
2.63 0.0357666 0.329668 0.634566 
2.64 0.0355811 0.333068 0.631351 
2.65 0.0353964 0.336452 0.628152 
2.66 0.0352126 0.339819 0.624968 
2.67 0.0350298 0.34317 0.6218 
2.68 0.0348479 0.346503 0.618649 
2.69 0.034667 0.34982 0.615513 
2.7 0.0344869 0.353119 0.612394 
2.71 0.0343079 0.356402 0.60929 
2.72 0.0341297 0.359667 0.606203 
2.73 0.0339525 0.362915 0.603132 
2.74 0.0337763 0.366146 0.600077 
2.75 0.033601 0.36936 0.597039 
2.76 0.0334267 0.372556 0.594017 
2.77 0.0332533 0.375736 0.591011 
2.78 0.0330809 0.378898 0.588022 
2.79 0.0329095 0.382042 0.585048 
2.8 0.032739 0.385169 0.582092 
2.81 0.0325694 0.388279 0.579151 
2.82 0.0324008 0.391372 0.576227 
2.83 0.0322332 0.394447 0.573319 
2.84 0.0320665 0.397506 0.570428 
2.85 0.0319008 0.400546 0.567553 
2.86 0.031736 0.40357 0.564694 
2.87 0.0315722 0.406576 0.561851 
2.88 0.0314094 0.409565 0.559025 
2.89 0.0312475 0.412537 0.556215 
2.9 0.0310865 0.415492 0.553421 
2.91 0.0309265 0.41843 0.550643 
2.92 0.0307675 0.421351 0.547882 
2.93 0.0306093 0.424254 0.545136 
2.94 0.0304522 0.427141 0.542407 
2.95 0.0302959 0.430011 0.539693 
2.96 0.0301406 0.432864 0.536996 
2.97 0.0299862 0.435699 0.534314 
2.98 0.0298328 0.438519 0.531649 
2.99 0.0296803 0.441321 0.528999 
3 0.0295287 0.444107 0.526364 
3.01 0.029378 0.446876 0.523746 
3.02 0.0292283 0.449629 0.521143 
3.03 0.0290794 0.452365 0.518556 
3.04 0.0289315 0.455084 0.515984 
3.05 0.0287845 0.457788 0.513428 
3.06 0.0286384 0.460475 0.510887 
3.07 0.0284932 0.463145 0.508361 
3.08 0.0283488 0.4658 0.505851 
3.09 0.0282054 0.468439 0.503356 
3.1 0.0280629 0.471061 0.500876 
3.11 0.0279212 0.473668 0.498411 
3.12 0.0277804 0.476258 0.495961 
3.13 0.0276405 0.478833 0.493527 
3.14 0.0275015 0.481392 0.491106 
3.15 0.0273633 0.483935 0.488701 
3.16 0.027226 0.486463 0.486311 
3.17 0.0270896 0.488976 0.483935 
3.18 0.026954 0.491473 0.481573 
3.19 0.0268193 0.493954 0.479227 
3.2 0.0266854 0.49642 0.476894 
3.21 0.0265523 0.498871 0.474576 
3.22 0.0264201 0.501307 0.472272 
3.23 0.0262887 0.503728 0.469983 
3.24 0.0261582 0.506135 0.467707 
3.25 0.0260284 0.508526 0.465446 
3.26 0.0258995 0.510902 0.463198 
3.27 0.0257714 0.513264 0.460965 
3.28 0.0256441 0.515611 0.458745 
3.29 0.0255176 0.517943 0.456539 
3.3 0.0253919 0.520262 0.454347 
3.31 0.025267 0.522565 0.452168 
3.32 0.0251429 0.524855 0.450002 
3.33 0.0250196 0.52713 0.44785 
3.34 0.024897 0.529391 0.445712 
3.35 0.0247753 0.531638 0.443586 
3.36 0.0246543 0.533871 0.441474 
3.37 0.0245341 0.536091 0.439375 
3.38 0.0244146 0.538296 0.437289 
3.39 0.0242959 0.540488 0.435216 
3.4 0.0241779 0.542666 0.433156 
3.41 0.0240607 0.544831 0.431108 
3.42 0.0239442 0.546982 0.429073 
3.43 0.0238285 0.54912 0.427051 
3.44 0.0237135 0.551245 0.425042 
3.45 0.0235992 0.553356 0.423044 
3.46 0.0234857 0.555455 0.42106 
3.47 0.0233728 0.55754 0.419087 
3.48 0.0232607 0.559613 0.417127 
3.49 0.0231493 0.561672 0.415179 
3.5 0.0230386 0.563719 0.413243 
3.51 0.0229286 0.565753 0.411318 
3.52 0.0228193 0.567774 0.409406 
3.53 0.0227107 0.569783 0.407506 
3.54 0.0226028 0.57178 0.405617 
3.55 0.0224955 0.573764 0.40374 
3.56 0.0223889 0.575736 0.401875 
3.57 0.022283 0.577696 0.400021 
3.58 0.0221778 0.579643 0.398179 
3.59 0.0220733 0.581579 0.396348 
3.6 0.0219693 0.583502 0.394528 
3.61 0.0218661 0.585414 0.39272 
3.62 0.0217635 0.587314 0.390923 
3.63 0.0216615 0.589202 0.389136 
3.64 0.0215602 0.591079 0.387361 
3.65 0.0214595 0.592944 0.385597 
3.66 0.0213595 0.594797 0.383843 
3.67 0.0212601 0.596639 0.382101 
3.68 0.0211613 0.59847 0.380369 
3.69 0.0210631 0.60029 0.378647 
3.7 0.0209656 0.602098 0.376937 
3.71 0.0208686 0.603895 0.375236 
3.72 0.0207723 0.605681 0.373546 
3.73 0.0206765 0.607457 0.371867 
3.74 0.0205814 0.609221 0.370197 
3.75 0.0204869 0.610975 0.368538 
3.76 0.0203929 0.612718 0.366889 
3.77 0.0202995 0.61445 0.365251 
3.78 0.0202067 0.616172 0.363622 
3.79 0.0201145 0.617883 0.362003 
3.8 0.0200229 0.619584 0.360394 
3.81 0.0199318 0.621274 0.358794 
3.82 0.0198413 0.622954 0.357205 
3.83 0.0197514 0.624624 0.355625 
3.84 0.019662 0.626284 0.354054 
3.85 0.0195732 0.627934 0.352493 
3.86 0.0194849 0.629573 0.350942 
3.87 0.0193971 0.631203 0.3494 
3.88 0.0193099 0.632823 0.347867 
3.89 0.0192233 0.634433 0.346344 
3.9 0.0191372 0.636033 0.344829 
3.91 0.0190516 0.637624 0.343324 
3.92 0.0189665 0.639205 0.341828 
3.93 0.018882 0.640777 0.340341 
3.94 0.0187979 0.642339 0.338863 
3.95 0.0187144 0.643892 0.337394 
3.96 0.0186314 0.645435 0.335933 
3.97 0.0185489 0.64697 0.334481 
3.98 0.0184669 0.648495 0.333038 
3.99 0.0183855 0.650011 0.331604 
4 0.0183045 0.651517 0.330178 
4.01 0.018224 0.653015 0.328761 
4.02 0.018144 0.654504 0.327352 
4.03 0.0180644 0.655984 0.325951 
4.04 0.0179854 0.657456 0.324559 
4.05 0.0179068 0.658918 0.323175 
4.06 0.0178288 0.660372 0.321799 
4.07 0.0177512 0.661817 0.320432 
4.08 0.017674 0.663254 0.319072 
4.09 0.0175973 0.664682 0.317721 
4.1 0.0175211 0.666101 0.316378 
4.11 0.0174454 0.667513 0.315042 
4.12 0.0173701 0.668916 0.313714 
4.13 0.0172952 0.67031 0.312394 
4.14 0.0172208 0.671697 0.311082 
4.15 0.0171469 0.673075 0.309778 
4.16 0.0170734 0.674445 0.308481 
4.17 0.0170003 0.675808 0.307192 
4.18 0.0169277 0.677162 0.305911 
4.19 0.0168555 0.678508 0.304636 
4.2 0.0167837 0.679847 0.30337 
4.21 0.0167124 0.681177 0.30211 
4.22 0.0166415 0.6825 0.300859 
4.23 0.016571 0.683815 0.299614 
4.24 0.0165009 0.685123 0.298376 
4.25 0.0164312 0.686423 0.297146 
4.26 0.016362 0.687715 0.295923 
4.27 0.0162932 0.689 0.294707 
4.28 0.0162247 0.690277 0.293498 
4.29 0.0161567 0.691547 0.292296 
4.3 0.0160891 0.69281 0.291101 
4.31 0.0160218 0.694066 0.289913 
4.32 0.015955 0.695314 0.288731 
4.33 0.0158886 0.696555 0.287557 
4.34 0.0158225 0.697789 0.286389 
4.35 0.0157568 0.699016 0.285228 
4.36 0.0156916 0.700235 0.284073 
4.37 0.0156267 0.701448 0.282925 
4.38 0.0155621 0.702654 0.281784 
4.39 0.015498 0.703853 0.280649 
4.4 0.0154342 0.705045 0.27952 
4.41 0.0153708 0.706231 0.278398 
4.42 0.0153078 0.707409 0.277283 
4.43 0.0152451 0.708581 0.276174 
4.44 0.0151828 0.709747 0.275071 
4.45 0.0151208 0.710905 0.273974 
4.46 0.0150592 0.712058 0.272883 
4.47 0.014998 0.713203 0.271799 
4.48 0.0149371 0.714343 0.27072 
4.49 0.0148766 0.715475 0.269648 
4.5 0.0148164 0.716602 0.268582 
4.51 0.0147565 0.717722 0.267522 
4.52 0.014697 0.718836 0.266467 
4.53 0.0146378 0.719943 0.265419 
4.54 0.014579 0.721045 0.264376 
4.55 0.0145205 0.72214 0.26334 
4.56 0.0144624 0.723229 0.262309 
4.57 0.0144045 0.724312 0.261284 
4.58 0.014347 0.725389 0.260264 
4.59 0.0142899 0.72646 0.25925 
4.6 0.014233 0.727525 0.258242 
4.61 0.0141765 0.728584 0.257239 
4.62 0.0141203 0.729637 0.256242 
4.63 0.0140644 0.730685 0.255251 
4.64 0.0140088 0.731726 0.254265 
4.65 0.0139535 0.732762 0.253284 
4.66 0.0138986 0.733793 0.252309 
4.67 0.0138439 0.734817 0.251339 
4.68 0.0137896 0.735836 0.250374 
4.69 0.0137356 0.73685 0.249415 
4.7 0.0136818 0.737857 0.248461 
4.71 0.0136284 0.73886 0.247512 
4.72 0.0135752 0.739856 0.246568 
4.73 0.0135224 0.740848 0.24563 
4.74 0.0134698 0.741834 0.244696 
4.75 0.0134176 0.742814 0.243768 
4.76 0.0133656 0.74379 0.242845 
4.77 0.0133139 0.74476 0.241926 
4.78 0.0132625 0.745724 0.241013 
4.79 0.0132114 0.746684 0.240105 
4.8 0.0131606 0.747638 0.239201 
4.81 0.01311 0.748588 0.238302 
4.82 0.0130598 0.749532 0.237409 
4.83 0.0130098 0.750471 0.23652 
4.84 0.01296 0.751405 0.235635 
4.85 0.0129106 0.752334 0.234756 
4.86 0.0128614 0.753258 0.233881 
4.87 0.0128125 0.754177 0.233011 
4.88 0.0127638 0.755091 0.232146 
4.89 0.0127154 0.756 0.231285 
4.9 0.0126673 0.756904 0.230428 
4.91 0.0126195 0.757804 0.229577 
4.92 0.0125719 0.758699 0.228729 
4.93 0.0125245 0.759589 0.227887 
4.94 0.0124774 0.760474 0.227049 
4.95 0.0124306 0.761355 0.226215 
4.96 0.012384 0.762231 0.225385 
4.97 0.0123377 0.763102 0.22456 
4.98 0.0122916 0.763969 0.22374 
4.99 0.0122457 0.764831 0.222923 
5 0.0122001 0.765689 0.222111 

