0.01 0.459422 0.176695 0.363882 
0.02 0.158158 0.684676 0.157166 
0.03 0.344163 0.014163 0.641674 
0.04 0.550567 0.317901 0.131532 
0.05 0.566966 0.359114 0.0739194 
0.06 0.279513 0.131289 0.589197 
0.07 0.205522 0.0334704 0.761008 
0.08 0.342897 0.633308 0.0237943 
0.09 0.286682 0.674361 0.0389563 
0.1 0.239046 0.745626 0.0153281 
0.11 0.104635 0.25413 0.641234 
0.12 0.092309 0.286327 0.621364 
0.13 0.114793 0.592127 0.29308 
0.14 0.0758391 0.417942 0.506219 
0.15 0.0357558 0.158296 0.805948 
0.16 0.100951 0.892172 0.0068762 
0.17 0.0439493 0.400343 0.555708 
0.18 0.00722513 0.010877 0.981898 
0.19 0.0429063 0.514195 0.442898 
0.2 0.0655368 0.929646 0.00481748 
0.21 0.0440837 0.696348 0.259569 
0.22 0.0122654 0.210932 0.776803 
0.23 0.000335254 0.00323805 0.996427 
0.24 0.00954505 0.19651 0.793945 
0.25 0.0255983 0.578181 0.39622 
0.26 0.0359657 0.880192 0.0838427 
0.27 0.0364345 0.958681 0.00488457 
0.28 0.0293073 0.81911 0.151583 
0.29 0.0192461 0.556504 0.42425 
0.3 0.0102398 0.284168 0.705592 
0.31 0.00442653 0.0872652 0.908308 
0.32 0.00220842 0.00640627 0.991385 
0.33 0.00289589 0.0420324 0.955072 
0.34 0.00537181 0.168113 0.826515 
0.35 0.00855498 0.346868 0.644577 
0.36 0.0116337 0.540249 0.448117 
0.37 0.0141253 0.716973 0.268902 
0.38 0.0158346 0.855574 0.128591 
0.39 0.0167719 0.94462 0.0386084 
0.4 0.0170666 0.981262 0.00167094 
0.41 0.016898 0.969067 0.0140351 
0.42 0.0164461 0.915747 0.0678064 
0.43 0.015864 0.831176 0.15296 
0.44 0.0152656 0.725818 0.258917 
0.45 0.014724 0.609625 0.375651 
0.46 0.0142763 0.491342 0.494382 
0.47 0.0139318 0.37814 0.607928 
0.48 0.01368 0.275504 0.710816 
0.49 0.0134986 0.187291 0.799211 
0.5 0.0133598 0.115885 0.870755 
0.51 0.0132354 0.0624201 0.924344 
0.52 0.0130997 0.0270114 0.959889 
0.53 0.0129316 0.00898852 0.97808 
0.54 0.0127156 0.00710826 0.980176 
0.55 0.0124422 0.0197394 0.967818 
0.56 0.0121072 0.0450182 0.942875 
0.57 0.0117112 0.0809738 0.907315 
0.58 0.0112587 0.125625 0.863116 
0.59 0.0107574 0.177055 0.812188 
0.6 0.010217 0.23346 0.756323 
0.61 0.00964886 0.293186 0.697165 
0.62 0.00906482 0.354748 0.636188 
0.63 0.00847696 0.416839 0.574684 
0.64 0.00789699 0.478332 0.513771 
0.65 0.00733593 0.538275 0.454389 
0.66 0.00680384 0.595879 0.397317 
0.67 0.00630968 0.650509 0.343182 
0.68 0.00586118 0.701669 0.29247 
0.69 0.00546481 0.748987 0.245548 
0.7 0.00512578 0.792202 0.202672 
0.71 0.00484808 0.831148 0.164003 
0.72 0.00463458 0.865743 0.129623 
0.73 0.00448706 0.895972 0.0995413 
0.74 0.00440636 0.92188 0.0737138 
0.75 0.00439244 0.94356 0.0520475 
0.76 0.00444452 0.961144 0.0344119 
0.77 0.00456116 0.974792 0.0206466 
0.78 0.00474036 0.984691 0.0105687 
0.79 0.00497968 0.991042 0.00397865 
0.8 0.00527628 0.994058 0.000665828 
0.81 0.00562706 0.99396 0.000412644 
0.82 0.00602867 0.990973 0.00299848 
0.83 0.00647762 0.98532 0.00820275 
0.84 0.00697033 0.977222 0.0158075 
0.85 0.00750314 0.966898 0.0255992 
0.86 0.00807243 0.954557 0.0373709 
0.87 0.00867456 0.940403 0.0509228 
0.88 0.00930599 0.92463 0.0660639 
0.89 0.00996326 0.907425 0.0826119 
0.9 0.010643 0.888962 0.100395 
0.91 0.011342 0.869409 0.119249 
0.92 0.0120571 0.84892 0.139022 
0.93 0.0127854 0.827643 0.159572 
0.94 0.0135241 0.805711 0.180765 
0.95 0.0142706 0.783252 0.202477 
0.96 0.0150224 0.760383 0.224594 
0.97 0.0157771 0.737212 0.247011 
0.98 0.0165326 0.713836 0.269631 
0.99 0.0172869 0.690347 0.292366 
1 0.0180381 0.666828 0.315134 
1.01 0.0187846 0.643353 0.337862 
1.02 0.0195247 0.619991 0.360484 
1.03 0.020257 0.596803 0.382939 
1.04 0.0209803 0.573845 0.405175 
1.05 0.0216933 0.551165 0.427141 
1.06 0.0223951 0.528808 0.448797 
1.07 0.0230846 0.506812 0.470104 
1.08 0.0237611 0.485211 0.491028 
1.09 0.0244237 0.464035 0.511541 
1.1 0.0250719 0.44331 0.531618 
1.11 0.0257052 0.423058 0.551237 
1.12 0.0263229 0.403297 0.57038 
1.13 0.0269248 0.384043 0.589033 
1.14 0.0275105 0.365307 0.607182 
1.15 0.0280798 0.347101 0.624819 
1.16 0.0286324 0.329432 0.641936 
1.17 0.0291682 0.312304 0.658527 
1.18 0.0296872 0.295722 0.67459 
1.19 0.0301892 0.279687 0.690123 
1.2 0.0306743 0.264199 0.705126 
1.21 0.0311425 0.249257 0.719601 
1.22 0.0315938 0.234857 0.733549 
1.23 0.0320285 0.220996 0.746975 
1.24 0.0324465 0.207669 0.759884 
1.25 0.0328481 0.19487 0.772282 
1.26 0.0332335 0.182593 0.784174 
1.27 0.0336028 0.170829 0.795568 
1.28 0.0339563 0.159571 0.806472 
1.29 0.0342942 0.148811 0.816895 
1.3 0.0346168 0.138539 0.826844 
1.31 0.0349242 0.128747 0.836329 
1.32 0.0352169 0.119423 0.84536 
1.33 0.0354951 0.110559 0.853946 
1.34 0.0357591 0.102145 0.862096 
1.35 0.0360091 0.0941692 0.869822 
1.36 0.0362455 0.086622 0.877133 
1.37 0.0364685 0.0794929 0.884039 
1.38 0.0366786 0.0727711 0.89055 
1.39 0.0368759 0.0664462 0.896678 
1.4 0.0370609 0.0605076 0.902431 
1.41 0.0372338 0.0549447 0.907822 
1.42 0.0373949 0.0497471 0.912858 
1.43 0.0375445 0.0449044 0.917551 
1.44 0.037683 0.0404063 0.921911 
1.45 0.0378106 0.0362428 0.925947 
1.46 0.0379277 0.0324036 0.929669 
1.47 0.0380345 0.0288791 0.933086 
1.48 0.0381314 0.0256594 0.936209 
1.49 0.0382186 0.0227349 0.939046 
1.5 0.0382964 0.0200964 0.941607 
1.51 0.0383651 0.0177346 0.9439 
1.52 0.038425 0.0156404 0.945935 
1.53 0.0384764 0.013805 0.947719 
1.54 0.0385195 0.0122198 0.949261 
1.55 0.0385545 0.0108762 0.950569 
1.56 0.0385818 0.00976604 0.951652 
1.57 0.0386016 0.00888122 0.952517 
1.58 0.0386142 0.00821385 0.953172 
1.59 0.0386197 0.00775625 0.953624 
1.6 0.0386185 0.00750092 0.953881 
1.61 0.0386107 0.00744055 0.953949 
1.62 0.0385966 0.00756805 0.953835 
1.63 0.0385764 0.0078765 0.953547 
1.64 0.0385503 0.00835915 0.953091 
1.65 0.0385185 0.00900948 0.952472 
1.66 0.0384813 0.00982112 0.951698 
1.67 0.0384388 0.0107879 0.950773 
1.68 0.0383912 0.0119038 0.949705 
1.69 0.0383387 0.0131629 0.948498 
1.7 0.0382815 0.0145597 0.947159 
1.71 0.0382197 0.0160887 0.945692 
1.72 0.0381537 0.0177444 0.944102 
1.73 0.0380834 0.0195218 0.942395 
1.74 0.0380091 0.0214158 0.940575 
1.75 0.037931 0.0234217 0.938647 
1.76 0.0378491 0.0255346 0.936616 
1.77 0.0377637 0.02775 0.934486 
1.78 0.0376749 0.0300635 0.932262 
1.79 0.0375828 0.0324708 0.929946 
1.8 0.0374876 0.0349678 0.927545 
1.81 0.0373894 0.0375506 0.92506 
1.82 0.0372883 0.0402151 0.922497 
1.83 0.0371844 0.0429577 0.919858 
1.84 0.037078 0.0457747 0.917147 
1.85 0.036969 0.0486626 0.914368 
1.86 0.0368577 0.051618 0.911524 
1.87 0.0367441 0.0546377 0.908618 
1.88 0.0366283 0.0577185 0.905653 
1.89 0.0365104 0.0608573 0.902632 
1.9 0.0363906 0.0640511 0.899558 
1.91 0.0362689 0.0672971 0.896434 
1.92 0.0361455 0.0705926 0.893262 
1.93 0.0360203 0.0739347 0.890045 
1.94 0.0358936 0.0773211 0.886785 
1.95 0.0357654 0.0807492 0.883485 
1.96 0.0356357 0.0842165 0.880148 
1.97 0.0355047 0.0877208 0.876774 
1.98 0.0353724 0.0912599 0.873368 
1.99 0.0352389 0.0948315 0.86993 
2 0.0351043 0.0984336 0.866462 
2.01 0.0349687 0.102064 0.862967 
2.02 0.0348321 0.105721 0.859447 
2.03 0.0346945 0.109403 0.855902 
2.04 0.0345561 0.113108 0.852336 
2.05 0.0344169 0.116834 0.848749 
2.06 0.034277 0.120579 0.845144 
2.07 0.0341364 0.124342 0.841522 
2.08 0.0339952 0.128121 0.837883 
2.09 0.0338534 0.131916 0.834231 
2.1 0.033711 0.135723 0.830566 
2.11 0.0335682 0.139543 0.826889 
2.12 0.033425 0.143373 0.823202 
2.13 0.0332814 0.147213 0.819506 
2.14 0.0331375 0.15106 0.815802 
2.15 0.0329933 0.154915 0.812092 
2.16 0.0328488 0.158775 0.808376 
2.17 0.0327041 0.162641 0.804655 
2.18 0.0325593 0.166509 0.800931 
2.19 0.0324143 0.170381 0.797205 
2.2 0.0322692 0.174254 0.793477 
2.21 0.0321241 0.178127 0.789749 
2.22 0.0319789 0.182001 0.78602 
2.23 0.0318337 0.185873 0.782293 
2.24 0.0316886 0.189744 0.778568 
2.25 0.0315435 0.193611 0.774845 
2.26 0.0313985 0.197476 0.771126 
2.27 0.0312536 0.201336 0.767411 
2.28 0.0311088 0.205191 0.7637 
2.29 0.0309642 0.209041 0.759995 
2.3 0.0308198 0.212884 0.756296 
2.31 0.0306756 0.21672 0.752604 
2.32 0.0305316 0.22055 0.748919 
2.33 0.0303879 0.224371 0.745242 
2.34 0.0302445 0.228183 0.741572 
2.35 0.0301014 0.231986 0.737912 
2.36 0.0299585 0.23578 0.734261 
2.37 0.0298161 0.239564 0.73062 
2.38 0.0296739 0.243337 0.726989 
2.39 0.0295321 0.2471 0.723368 
2.4 0.0293907 0.250851 0.719759 
2.41 0.0292497 0.25459 0.71616 
2.42 0.0291091 0.258317 0.712574 
2.43 0.028969 0.262032 0.709 
2.44 0.0288292 0.265733 0.705437 
2.45 0.0286899 0.269422 0.701888 
2.46 0.0285511 0.273097 0.698352 
2.47 0.0284127 0.276759 0.694829 
2.48 0.0282749 0.280406 0.691319 
2.49 0.0281375 0.284039 0.687823 
2.5 0.0280006 0.287658 0.684341 
2.51 0.0278642 0.291262 0.680874 
2.52 0.0277284 0.294851 0.677421 
2.53 0.0275931 0.298424 0.673983 
2.54 0.0274583 0.301983 0.670559 
2.55 0.0273241 0.305525 0.66715 
2.56 0.0271904 0.309052 0.663757 
2.57 0.0270573 0.312564 0.660379 
2.58 0.0269247 0.316059 0.657017 
2.59 0.0267927 0.319537 0.65367 
2.6 0.0266613 0.323 0.650339 
2.61 0.0265305 0.326446 0.647024 
2.62 0.0264002 0.329875 0.643725 
2.63 0.0262706 0.333288 0.640442 
2.64 0.0261415 0.336684 0.637175 
2.65 0.0260131 0.340063 0.633924 
2.66 0.0258852 0.343425 0.63069 
2.67 0.025758 0.34677 0.627472 
2.68 0.0256313 0.350098 0.624271 
2.69 0.0255053 0.353409 0.621086 
2.7 0.0253799 0.356702 0.617918 
2.71 0.0252551 0.359978 0.614766 
2.72 0.0251309 0.363237 0.611632 
2.73 0.0250074 0.366479 0.608514 
2.74 0.0248845 0.369703 0.605412 
2.75 0.0247622 0.37291 0.602328 
2.76 0.0246405 0.3761 0.59926 
2.77 0.0245194 0.379272 0.596209 
2.78 0.024399 0.382426 0.593175 
2.79 0.0242792 0.385563 0.590157 
2.8 0.02416 0.388683 0.587157 
2.81 0.0240415 0.391785 0.584173 
2.82 0.0239236 0.39487 0.581206 
2.83 0.0238063 0.397938 0.578256 
2.84 0.0236897 0.400988 0.575323 
2.85 0.0235737 0.40402 0.572406 
2.86 0.0234583 0.407036 0.569506 
2.87 0.0233435 0.410034 0.566623 
2.88 0.0232294 0.413014 0.563756 
2.89 0.0231159 0.415978 0.560906 
2.9 0.023003 0.418924 0.558073 
2.91 0.0228908 0.421853 0.555256 
2.92 0.0227792 0.424765 0.552456 
2.93 0.0226682 0.427659 0.549672 
2.94 0.0225578 0.430537 0.546905 
2.95 0.022448 0.433398 0.544154 
2.96 0.0223389 0.436241 0.54142 
2.97 0.0222304 0.439068 0.538702 
2.98 0.0221225 0.441878 0.536 
2.99 0.0220152 0.444671 0.533314 
3 0.0219085 0.447447 0.530644 
3.01 0.0218025 0.450207 0.52799 
3.02 0.021697 0.45295 0.525353 
3.03 0.0215922 0.455677 0.522731 
3.04 0.021488 0.458387 0.520125 
3.05 0.0213843 0.46108 0.517535 
3.06 0.0212813 0.463758 0.514961 
3.07 0.0211789 0.466419 0.512402 
3.08 0.021077 0.469064 0.509859 
3.09 0.0209758 0.471692 0.507332 
3.1 0.0208751 0.474305 0.50482 
3.11 0.0207751 0.476902 0.502323 
3.12 0.0206756 0.479482 0.499842 
3.13 0.0205767 0.482047 0.497376 
3.14 0.0204784 0.484596 0.494925 
3.15 0.0203807 0.48713 0.49249 
3.16 0.0202835 0.489647 0.490069 
3.17 0.020187 0.49215 0.487663 
3.18 0.020091 0.494637 0.485272 
3.19 0.0199955 0.497108 0.482896 
3.2 0.0199007 0.499564 0.480535 
3.21 0.0198064 0.502005 0.478188 
3.22 0.0197126 0.504431 0.475856 
3.23 0.0196194 0.506842 0.473538 
3.24 0.0195268 0.509238 0.471235 
3.25 0.0194347 0.511619 0.468946 
3.26 0.0193432 0.513985 0.466671 
3.27 0.0192522 0.516337 0.464411 
3.28 0.0191618 0.518674 0.462164 
3.29 0.0190719 0.520996 0.459932 
3.3 0.0189826 0.523304 0.457713 
3.31 0.0188937 0.525598 0.455508 
3.32 0.0188054 0.527877 0.453317 
3.33 0.0187177 0.530142 0.45114 
3.34 0.0186305 0.532393 0.448976 
3.35 0.0185437 0.53463 0.446826 
3.36 0.0184576 0.536854 0.444689 
3.37 0.0183719 0.539063 0.442565 
3.38 0.0182867 0.541258 0.440455 
3.39 0.0182021 0.54344 0.438358 
3.4 0.018118 0.545608 0.436274 
3.41 0.0180343 0.547763 0.434203 
3.42 0.0179512 0.549904 0.432145 
3.43 0.0178686 0.552032 0.4301 
3.44 0.0177864 0.554147 0.428067 
3.45 0.0177048 0.556248 0.426047 
3.46 0.0176237 0.558336 0.42404 
3.47 0.017543 0.560412 0.422045 
3.48 0.0174628 0.562474 0.420063 
3.49 0.0173832 0.564524 0.418093 
3.5 0.0173039 0.566561 0.416135 
3.51 0.0172252 0.568585 0.41419 
3.52 0.0171469 0.570596 0.412257 
3.53 0.0170692 0.572595 0.410335 
3.54 0.0169918 0.574582 0.408426 
3.55 0.016915 0.576556 0.406529 
3.56 0.0168386 0.578519 0.404643 
3.57 0.0167626 0.580468 0.402769 
3.58 0.0166872 0.582406 0.400907 
3.59 0.0166121 0.584332 0.399056 
3.6 0.0165375 0.586246 0.397217 
3.61 0.0164634 0.588148 0.395389 
3.62 0.0163897 0.590038 0.393572 
3.63 0.0163165 0.591917 0.391767 
3.64 0.0162437 0.593784 0.389973 
3.65 0.0161713 0.595639 0.38819 
3.66 0.0160994 0.597483 0.386418 
3.67 0.0160278 0.599315 0.384657 
3.68 0.0159568 0.601137 0.382907 
3.69 0.0158861 0.602947 0.381167 
3.7 0.0158159 0.604746 0.379438 
3.71 0.0157461 0.606533 0.37772 
3.72 0.0156767 0.60831 0.376013 
3.73 0.0156077 0.610076 0.374316 
3.74 0.0155391 0.611831 0.37263 
3.75 0.0154709 0.613576 0.370953 
3.76 0.0154032 0.615309 0.369288 
3.77 0.0153358 0.617032 0.367632 
3.78 0.0152688 0.618745 0.365986 
3.79 0.0152023 0.620447 0.364351 
3.8 0.0151361 0.622138 0.362726 
3.81 0.0150703 0.62382 0.36111 
3.82 0.0150049 0.625491 0.359505 
3.83 0.01494 0.627151 0.357909 
3.84 0.0148753 0.628802 0.356323 
3.85 0.0148111 0.630443 0.354746 
3.86 0.0147472 0.632073 0.353179 
3.87 0.0146838 0.633694 0.351622 
3.88 0.0146207 0.635305 0.350074 
3.89 0.0145579 0.636907 0.348536 
3.9 0.0144956 0.638498 0.347006 
3.91 0.0144336 0.64008 0.345486 
3.92 0.0143719 0.641652 0.343976 
3.93 0.0143107 0.643215 0.342474 
3.94 0.0142498 0.644769 0.340982 
3.95 0.0141892 0.646313 0.339498 
3.96 0.014129 0.647848 0.338023 
3.97 0.0140692 0.649373 0.336558 
3.98 0.0140097 0.65089 0.335101 
3.99 0.0139505 0.652397 0.333653 
4 0.0138917 0.653895 0.332213 
4.01 0.0138332 0.655384 0.330782 
4.02 0.0137751 0.656865 0.32936 
4.03 0.0137173 0.658337 0.327946 
4.04 0.0136599 0.659799 0.326541 
4.05 0.0136028 0.661253 0.325144 
4.06 0.013546 0.662699 0.323755 
4.07 0.0134895 0.664136 0.322375 
4.08 0.0134334 0.665564 0.321003 
4.09 0.0133776 0.666984 0.319639 
4.1 0.0133221 0.668395 0.318283 
4.11 0.0132669 0.669798 0.316935 
4.12 0.0132121 0.671193 0.315595 
4.13 0.0131575 0.67258 0.314263 
4.14 0.0131033 0.673958 0.312939 
4.15 0.0130494 0.675328 0.311622 
4.16 0.0129958 0.676691 0.310314 
4.17 0.0129425 0.678045 0.309013 
4.18 0.0128895 0.679391 0.307719 
4.19 0.0128368 0.680729 0.306434 
4.2 0.0127845 0.68206 0.305156 
4.21 0.0127324 0.683383 0.303885 
4.22 0.0126806 0.684698 0.302622 
4.23 0.0126291 0.686005 0.301366 
4.24 0.0125779 0.687305 0.300117 
4.25 0.012527 0.688597 0.298876 
4.26 0.0124764 0.689882 0.297642 
4.27 0.012426 0.691159 0.296415 
4.28 0.012376 0.692429 0.295195 
4.29 0.0123262 0.693691 0.293983 
4.3 0.0122767 0.694946 0.292777 
4.31 0.0122275 0.696194 0.291578 
4.32 0.0121786 0.697435 0.290386 
4.33 0.0121299 0.698668 0.289202 
4.34 0.0120815 0.699895 0.288024 
4.35 0.0120334 0.701114 0.286852 
4.36 0.0119856 0.702327 0.285688 
4.37 0.011938 0.703532 0.28453 
4.38 0.0118907 0.704731 0.283378 
4.39 0.0118437 0.705923 0.282234 
4.4 0.0117969 0.707107 0.281096 
4.41 0.0117504 0.708286 0.279964 
4.42 0.0117041 0.709457 0.278839 
4.43 0.0116581 0.710622 0.27772 
4.44 0.0116123 0.71178 0.276608 
4.45 0.0115668 0.712932 0.275501 
4.46 0.0115216 0.714077 0.274402 
4.47 0.0114766 0.715215 0.273308 
4.48 0.0114319 0.716348 0.272221 
4.49 0.0113874 0.717473 0.271139 
4.5 0.0113431 0.718593 0.270064 
4.51 0.0112991 0.719706 0.268995 
4.52 0.0112553 0.720813 0.267932 
4.53 0.0112118 0.721914 0.266875 
4.54 0.0111685 0.723008 0.265823 
4.55 0.0111255 0.724096 0.264778 
4.56 0.0110826 0.725179 0.263739 
4.57 0.0110401 0.726255 0.262705 
4.58 0.0109977 0.727325 0.261677 
4.59 0.0109556 0.72839 0.260655 
4.6 0.0109137 0.729448 0.259638 
4.61 0.010872 0.7305 0.258628 
4.62 0.0108306 0.731547 0.257622 
4.63 0.0107894 0.732588 0.256623 
4.64 0.0107484 0.733623 0.255628 
4.65 0.0107076 0.734653 0.25464 
4.66 0.0106671 0.735676 0.253657 
4.67 0.0106267 0.736694 0.252679 
4.68 0.0105866 0.737707 0.251706 
4.69 0.0105467 0.738714 0.250739 
4.7 0.010507 0.739715 0.249778 
4.71 0.0104676 0.740711 0.248821 
4.72 0.0104283 0.741702 0.24787 
4.73 0.0103892 0.742687 0.246924 
4.74 0.0103504 0.743667 0.245983 
4.75 0.0103118 0.744641 0.245047 
4.76 0.0102733 0.74561 0.244117 
4.77 0.0102351 0.746574 0.243191 
4.78 0.0101971 0.747532 0.242271 
4.79 0.0101593 0.748486 0.241355 
4.8 0.0101216 0.749434 0.240444 
4.81 0.0100842 0.750377 0.239539 
4.82 0.010047 0.751315 0.238638 
4.83 0.01001 0.752248 0.237742 
4.84 0.00997315 0.753176 0.236851 
4.85 0.00993651 0.754099 0.235964 
4.86 0.00990006 0.755017 0.235083 
4.87 0.00986381 0.75593 0.234206 
4.88 0.00982774 0.756838 0.233334 
4.89 0.00979187 0.757742 0.232466 
4.9 0.00975618 0.75864 0.231604 
4.91 0.00972068 0.759534 0.230745 
4.92 0.00968536 0.760423 0.229892 
4.93 0.00965023 0.761307 0.229042 
4.94 0.00961528 0.762187 0.228198 
4.95 0.00958052 0.763062 0.227358 
4.96 0.00954593 0.763932 0.226522 
4.97 0.00951152 0.764798 0.225691 
4.98 0.00947729 0.765659 0.224864 
4.99 0.00944323 0.766516 0.224041 
5 0.00940936 0.767368 0.223223 

