0.01 0.43345 0.381334 0.185216 
0.02 0.177538 0.116283 0.706179 
0.03 0.159367 0.830946 0.00968756 
0.04 0.200418 0.154059 0.645524 
0.05 0.241125 0.0959047 0.66297 
0.06 0.315259 0.403976 0.280765 
0.07 0.329985 0.583672 0.0863432 
0.08 0.169721 0.0291955 0.801083 
0.09 0.204187 0.0675594 0.728253 
0.1 0.123129 0.0165206 0.860351 
0.11 0.105082 0.508563 0.386355 
0.12 0.216586 0.552698 0.230716 
0.13 0.0532894 0.232573 0.714138 
0.14 0.173967 0.459813 0.366221 
0.15 0.078876 0.688686 0.232438 
0.16 0.0548871 0.00534436 0.939769 
0.17 0.139623 0.508153 0.352224 
0.18 0.0979289 0.871946 0.0301253 
0.19 0.0256022 0.383876 0.590522 
0.2 0.0361958 0.00323692 0.960567 
0.21 0.0886197 0.245983 0.665397 
0.22 0.109548 0.716104 0.174348 
0.23 0.0840878 0.909599 0.0063129 
0.24 0.041655 0.719031 0.239314 
0.25 0.0133359 0.354225 0.632439 
0.26 0.0107558 0.0717058 0.917538 
0.27 0.0280383 0.00569865 0.966263 
0.28 0.0522736 0.147408 0.800318 
0.29 0.0721081 0.40387 0.524022 
0.3 0.0814583 0.666321 0.25222 
0.31 0.0794496 0.854043 0.0665077 
0.32 0.0686243 0.929369 0.0020067 
0.33 0.052937 0.892999 0.054064 
0.34 0.0362635 0.770639 0.193097 
0.35 0.0215845 0.598863 0.379553 
0.36 0.0107185 0.414178 0.575104 
0.37 0.00440457 0.2464 0.749196 
0.38 0.00255088 0.115829 0.88162 
0.39 0.00452508 0.0331245 0.96235 
0.4 0.00941489 0.000745046 0.98984 
0.41 0.0162289 0.015057 0.968714 
0.42 0.0240324 0.0685127 0.907455 
0.43 0.0320264 0.151557 0.816417 
0.44 0.0395829 0.254117 0.7063 
0.45 0.0462498 0.366652 0.587098 
0.46 0.0517373 0.480807 0.467455 
0.47 0.0558941 0.589754 0.354352 
0.48 0.0586795 0.688288 0.253033 
0.49 0.0601364 0.77277 0.167094 
0.5 0.0603665 0.84097 0.0986634 
0.51 0.059509 0.891854 0.0486373 
0.52 0.0577238 0.925356 0.0169206 
0.53 0.0551781 0.942157 0.00266534 
0.54 0.0520372 0.94348 0.00448306 
0.55 0.048457 0.930914 0.0206295 
0.56 0.0445804 0.906263 0.0491567 
0.57 0.0405343 0.87143 0.0880355 
0.58 0.0364286 0.828323 0.135248 
0.59 0.0323565 0.778784 0.188859 
0.6 0.0283946 0.724544 0.247062 
0.61 0.0246046 0.667187 0.308208 
0.62 0.0210341 0.608135 0.370831 
0.63 0.0177188 0.548636 0.433645 
0.64 0.0146835 0.489766 0.495551 
0.65 0.0119439 0.432433 0.555623 
0.66 0.009508 0.377388 0.613104 
0.67 0.00737746 0.325233 0.667389 
0.68 0.00554867 0.276439 0.718013 
0.69 0.00401389 0.231356 0.76463 
0.7 0.00276217 0.190229 0.807008 
0.71 0.00178012 0.153214 0.845006 
0.72 0.00105263 0.120385 0.878562 
0.73 0.000563386 0.0917521 0.907685 
0.74 0.000295393 0.0672677 0.932437 
0.75 0.000231339 0.0468402 0.952928 
0.76 0.000353916 0.0303409 0.969305 
0.77 0.000646069 0.0176123 0.981742 
0.78 0.00109119 0.00847501 0.990434 
0.79 0.00167328 0.00273369 0.995593 
0.8 0.00237704 0.000182112 0.997441 
0.81 0.00318796 0.000607469 0.996205 
0.82 0.00409235 0.00379405 0.992114 
0.83 0.00507739 0.00952624 0.985396 
0.84 0.00613115 0.017591 0.976278 
0.85 0.00724254 0.0277797 0.964978 
0.86 0.00840133 0.0398901 0.951709 
0.87 0.00959812 0.053727 0.936675 
0.88 0.0108243 0.0691038 0.920072 
0.89 0.0120721 0.0858425 0.902085 
0.9 0.0133343 0.103775 0.882891 
0.91 0.0146045 0.122741 0.862654 
0.92 0.0158769 0.142593 0.84153 
0.93 0.0171463 0.163191 0.819663 
0.94 0.0184082 0.184404 0.797188 
0.95 0.0196583 0.206112 0.77423 
0.96 0.0208931 0.228203 0.750903 
0.97 0.0221094 0.250575 0.727315 
0.98 0.0233044 0.273133 0.703562 
0.99 0.0244758 0.295791 0.679733 
1 0.0256214 0.318469 0.65591 
1.01 0.0267395 0.341095 0.632165 
1.02 0.0278287 0.363606 0.608565 
1.03 0.0288878 0.385942 0.58517 
1.04 0.0299158 0.408052 0.562033 
1.05 0.0309119 0.429887 0.539201 
1.06 0.0318757 0.451406 0.516718 
1.07 0.0328067 0.472573 0.49462 
1.08 0.0337047 0.493355 0.47294 
1.09 0.0345695 0.513724 0.451706 
1.1 0.0354013 0.533656 0.430943 
1.11 0.0362001 0.55313 0.41067 
1.12 0.0369662 0.572127 0.390906 
1.13 0.0376999 0.590635 0.371665 
1.14 0.0384016 0.608641 0.352957 
1.15 0.0390716 0.626136 0.334793 
1.16 0.0397106 0.643112 0.317177 
1.17 0.040319 0.659566 0.300115 
1.18 0.0408974 0.675493 0.283609 
1.19 0.0414466 0.690893 0.26766 
1.2 0.041967 0.705766 0.252267 
1.21 0.0424594 0.720113 0.237428 
1.22 0.0429244 0.733937 0.223139 
1.23 0.0433629 0.747242 0.209395 
1.24 0.0437753 0.760033 0.196191 
1.25 0.0441626 0.772316 0.183521 
1.26 0.0445254 0.784097 0.171377 
1.27 0.0448644 0.795384 0.159752 
1.28 0.0451803 0.806184 0.148636 
1.29 0.0454738 0.816506 0.13802 
1.3 0.0457457 0.826358 0.127897 
1.31 0.0459967 0.835749 0.118254 
1.32 0.0462273 0.844689 0.109084 
1.33 0.0464384 0.853187 0.100374 
1.34 0.0466305 0.861254 0.0921155 
1.35 0.0468044 0.868899 0.0842967 
1.36 0.0469606 0.876132 0.0769073 
1.37 0.0470999 0.882964 0.0699364 
1.38 0.0472227 0.889404 0.0633733 
1.39 0.0473298 0.895463 0.057207 
1.4 0.0474217 0.901151 0.0514269 
1.41 0.0474989 0.906479 0.0460222 
1.42 0.0475621 0.911456 0.0409823 
1.43 0.0476117 0.916092 0.0362966 
1.44 0.0476484 0.920397 0.0319548 
1.45 0.0476725 0.924381 0.0279465 
1.46 0.0476847 0.928054 0.0242616 
1.47 0.0476854 0.931425 0.0208901 
1.48 0.047675 0.934503 0.0178221 
1.49 0.0476541 0.937298 0.0150481 
1.5 0.047623 0.939819 0.0125585 
1.51 0.0475822 0.942074 0.010344 
1.52 0.0475322 0.944072 0.00839561 
1.53 0.0474732 0.945822 0.00670435 
1.54 0.0474057 0.947333 0.00526152 
1.55 0.0473301 0.948611 0.00405861 
1.56 0.0472467 0.949666 0.00308731 
1.57 0.0471559 0.950505 0.00233951 
1.58 0.0470581 0.951135 0.00180729 
1.59 0.0469534 0.951564 0.00148296 
1.6 0.0468424 0.951799 0.00135898 
1.61 0.0467252 0.951847 0.00142806 
1.62 0.0466021 0.951715 0.00168305 
1.63 0.0464735 0.951409 0.00211705 
1.64 0.0463396 0.950937 0.00272332 
1.65 0.0462007 0.950304 0.00349529 
1.66 0.046057 0.949516 0.00442663 
1.67 0.0459088 0.94858 0.00551114 
1.68 0.0457563 0.947501 0.00674282 
1.69 0.0455997 0.946284 0.00811586 
1.7 0.0454393 0.944936 0.00962461 
1.71 0.0452753 0.943461 0.0112636 
1.72 0.0451078 0.941865 0.0130274 
1.73 0.0449371 0.940152 0.0149111 
1.74 0.0447634 0.938327 0.0169095 
1.75 0.0445867 0.936395 0.0190178 
1.76 0.0444074 0.934361 0.0212313 
1.77 0.0442256 0.932229 0.0235456 
1.78 0.0440414 0.930003 0.0259561 
1.79 0.0438549 0.927686 0.0284587 
1.8 0.0436664 0.925284 0.0310493 
1.81 0.043476 0.9228 0.0337237 
1.82 0.0432838 0.920238 0.0364783 
1.83 0.04309 0.917601 0.0393092 
1.84 0.0428946 0.914892 0.0422129 
1.85 0.0426978 0.912116 0.0451859 
1.86 0.0424997 0.909276 0.0482247 
1.87 0.0423005 0.906373 0.0513262 
1.88 0.0421001 0.903413 0.0544872 
1.89 0.0418988 0.900396 0.0577047 
1.9 0.0416967 0.897328 0.0609757 
1.91 0.0414937 0.894209 0.0642973 
1.92 0.0412901 0.891043 0.0676669 
1.93 0.0410858 0.887832 0.0710818 
1.94 0.0408811 0.884579 0.0745395 
1.95 0.0406759 0.881287 0.0780374 
1.96 0.0404703 0.877956 0.0815733 
1.97 0.0402645 0.874591 0.0851447 
1.98 0.0400584 0.871192 0.0887495 
1.99 0.0398522 0.867762 0.0923856 
2 0.0396459 0.864303 0.096051 
2.01 0.0394396 0.860817 0.0997435 
2.02 0.0392333 0.857305 0.103461 
2.03 0.0390271 0.85377 0.107203 
2.04 0.038821 0.850214 0.110965 
2.05 0.0386151 0.846636 0.114748 
2.06 0.0384095 0.843041 0.11855 
2.07 0.0382042 0.839428 0.122368 
2.08 0.0379991 0.8358 0.126201 
2.09 0.0377945 0.832158 0.130048 
2.1 0.0375903 0.828503 0.133907 
2.11 0.0373865 0.824837 0.137777 
2.12 0.0371832 0.82116 0.141656 
2.13 0.0369805 0.817475 0.145544 
2.14 0.0367783 0.813782 0.14944 
2.15 0.0365767 0.810083 0.153341 
2.16 0.0363757 0.806378 0.157247 
2.17 0.0361754 0.802668 0.161156 
2.18 0.0359757 0.798956 0.165069 
2.19 0.0357767 0.79524 0.168983 
2.2 0.0355785 0.791524 0.172898 
2.21 0.035381 0.787806 0.176813 
2.22 0.0351843 0.78409 0.180726 
2.23 0.0349884 0.780374 0.184638 
2.24 0.0347932 0.77666 0.188547 
2.25 0.0345989 0.772949 0.192452 
2.26 0.0344055 0.769241 0.196354 
2.27 0.0342129 0.765537 0.20025 
2.28 0.0340212 0.761838 0.204141 
2.29 0.0338304 0.758145 0.208025 
2.3 0.0336404 0.754457 0.211902 
2.31 0.0334514 0.750776 0.215772 
2.32 0.0332633 0.747103 0.219634 
2.33 0.0330762 0.743437 0.223487 
2.34 0.03289 0.739779 0.227331 
2.35 0.0327048 0.736131 0.231165 
2.36 0.0325205 0.732491 0.234988 
2.37 0.0323372 0.728861 0.238801 
2.38 0.0321549 0.725242 0.242603 
2.39 0.0319736 0.721632 0.246394 
2.4 0.0317933 0.718034 0.250172 
2.41 0.0316139 0.714447 0.253939 
2.42 0.0314356 0.710872 0.257692 
2.43 0.0312583 0.707309 0.261433 
2.44 0.031082 0.703758 0.26516 
2.45 0.0309067 0.70022 0.268873 
2.46 0.0307325 0.696695 0.272573 
2.47 0.0305592 0.693183 0.276258 
2.48 0.030387 0.689684 0.279929 
2.49 0.0302159 0.686199 0.283585 
2.5 0.0300457 0.682729 0.287226 
2.51 0.0298766 0.679272 0.290851 
2.52 0.0297085 0.67583 0.294462 
2.53 0.0295414 0.672402 0.298056 
2.54 0.0293754 0.66899 0.301635 
2.55 0.0292104 0.665592 0.305198 
2.56 0.0290464 0.662209 0.308745 
2.57 0.0288834 0.658842 0.312275 
2.58 0.0287215 0.65549 0.315789 
2.59 0.0285606 0.652154 0.319286 
2.6 0.0284008 0.648833 0.322766 
2.61 0.0282419 0.645528 0.32623 
2.62 0.0280841 0.642239 0.329677 
2.63 0.0279273 0.638967 0.333106 
2.64 0.0277715 0.63571 0.336519 
2.65 0.0276167 0.632469 0.339914 
2.66 0.0274629 0.629245 0.343292 
2.67 0.0273101 0.626037 0.346652 
2.68 0.0271584 0.622846 0.349996 
2.69 0.0270076 0.619671 0.353321 
2.7 0.0268578 0.616513 0.356629 
2.71 0.0267091 0.613371 0.35992 
2.72 0.0265613 0.610246 0.363193 
2.73 0.0264145 0.607138 0.366448 
2.74 0.0262686 0.604046 0.369686 
2.75 0.0261238 0.600971 0.372906 
2.76 0.0259799 0.597912 0.376108 
2.77 0.025837 0.594871 0.379292 
2.78 0.025695 0.591846 0.382459 
2.79 0.025554 0.588838 0.385608 
2.8 0.025414 0.585846 0.38874 
2.81 0.0252749 0.582872 0.391853 
2.82 0.0251368 0.579914 0.39495 
2.83 0.0249995 0.576973 0.398028 
2.84 0.0248633 0.574048 0.401089 
2.85 0.0247279 0.57114 0.404132 
2.86 0.0245935 0.568249 0.407157 
2.87 0.02446 0.565375 0.410165 
2.88 0.0243274 0.562517 0.413156 
2.89 0.0241957 0.559675 0.416129 
2.9 0.0240649 0.556851 0.419084 
2.91 0.023935 0.554042 0.422023 
2.92 0.023806 0.551251 0.424943 
2.93 0.0236779 0.548475 0.427847 
2.94 0.0235507 0.545716 0.430733 
2.95 0.0234243 0.542974 0.433602 
2.96 0.0232988 0.540247 0.436454 
2.97 0.0231742 0.537537 0.439289 
2.98 0.0230504 0.534843 0.442107 
2.99 0.0229275 0.532165 0.444907 
3 0.0228055 0.529503 0.447691 
3.01 0.0226842 0.526858 0.450458 
3.02 0.0225639 0.524228 0.453208 
3.03 0.0224443 0.521614 0.455942 
3.04 0.0223256 0.519016 0.458659 
3.05 0.0222076 0.516433 0.461359 
3.06 0.0220906 0.513866 0.464043 
3.07 0.0219743 0.511315 0.46671 
3.08 0.0218588 0.50878 0.469361 
3.09 0.0217441 0.50626 0.471996 
3.1 0.0216302 0.503755 0.474615 
3.11 0.0215171 0.501266 0.477217 
3.12 0.0214047 0.498792 0.479804 
3.13 0.0212932 0.496333 0.482374 
3.14 0.0211824 0.493889 0.484929 
3.15 0.0210724 0.49146 0.487467 
3.16 0.0209631 0.489047 0.48999 
3.17 0.0208546 0.486648 0.492498 
3.18 0.0207468 0.484264 0.494989 
3.19 0.0206398 0.481895 0.497466 
3.2 0.0205335 0.47954 0.499927 
3.21 0.020428 0.4772 0.502372 
3.22 0.0203231 0.474874 0.504803 
3.23 0.020219 0.472563 0.507218 
3.24 0.0201156 0.470266 0.509618 
3.25 0.020013 0.467984 0.512003 
3.26 0.019911 0.465716 0.514373 
3.27 0.0198097 0.463461 0.516729 
3.28 0.0197091 0.461221 0.51907 
3.29 0.0196092 0.458995 0.521396 
3.3 0.01951 0.456783 0.523707 
3.31 0.0194115 0.454584 0.526005 
3.32 0.0193136 0.452399 0.528287 
3.33 0.0192164 0.450228 0.530556 
3.34 0.0191199 0.44807 0.53281 
3.35 0.019024 0.445926 0.53505 
3.36 0.0189288 0.443795 0.537277 
3.37 0.0188342 0.441677 0.539489 
3.38 0.0187403 0.439572 0.541687 
3.39 0.018647 0.437481 0.543872 
3.4 0.0185544 0.435403 0.546043 
3.41 0.0184623 0.433338 0.5482 
3.42 0.0183709 0.431285 0.550344 
3.43 0.0182802 0.429245 0.552474 
3.44 0.01819 0.427218 0.554592 
3.45 0.0181004 0.425204 0.556695 
3.46 0.0180115 0.423202 0.558786 
3.47 0.0179231 0.421213 0.560864 
3.48 0.0178354 0.419236 0.562928 
3.49 0.0177482 0.417272 0.56498 
3.5 0.0176616 0.415319 0.567019 
3.51 0.0175756 0.413379 0.569045 
3.52 0.0174902 0.411451 0.571059 
3.53 0.0174053 0.409535 0.57306 
3.54 0.017321 0.407631 0.575048 
3.55 0.0172373 0.405738 0.577025 
3.56 0.0171542 0.403857 0.578988 
3.57 0.0170716 0.401989 0.58094 
3.58 0.0169895 0.400131 0.582879 
3.59 0.016908 0.398285 0.584807 
3.6 0.016827 0.396451 0.586722 
3.61 0.0167466 0.394628 0.588626 
3.62 0.0166667 0.392816 0.590517 
3.63 0.0165873 0.391016 0.592397 
3.64 0.0165085 0.389226 0.594265 
3.65 0.0164302 0.387448 0.596122 
3.66 0.0163524 0.38568 0.597967 
3.67 0.0162751 0.383924 0.599801 
3.68 0.0161983 0.382178 0.601623 
3.69 0.016122 0.380444 0.603434 
3.7 0.0160463 0.378719 0.605234 
3.71 0.015971 0.377006 0.607023 
3.72 0.0158962 0.375303 0.608801 
3.73 0.0158219 0.37361 0.610568 
3.74 0.0157481 0.371928 0.612324 
3.75 0.0156748 0.370256 0.614069 
3.76 0.0156019 0.368595 0.615803 
3.77 0.0155295 0.366943 0.617527 
3.78 0.0154576 0.365302 0.61924 
3.79 0.0153862 0.363671 0.620943 
3.8 0.0153152 0.36205 0.622635 
3.81 0.0152447 0.360438 0.624317 
3.82 0.0151746 0.358837 0.625989 
3.83 0.015105 0.357245 0.62765 
3.84 0.0150359 0.355663 0.629301 
3.85 0.0149672 0.35409 0.630942 
3.86 0.0148989 0.352528 0.632574 
3.87 0.0148311 0.350974 0.634195 
3.88 0.0147637 0.34943 0.635806 
3.89 0.0146967 0.347896 0.637408 
3.9 0.0146302 0.34637 0.639 
3.91 0.014564 0.344854 0.640582 
3.92 0.0144984 0.343347 0.642154 
3.93 0.0144331 0.341849 0.643718 
3.94 0.0143682 0.340361 0.645271 
3.95 0.0143038 0.338881 0.646816 
3.96 0.0142397 0.33741 0.648351 
3.97 0.0141761 0.335948 0.649876 
3.98 0.0141129 0.334494 0.651393 
3.99 0.01405 0.33305 0.6529 
4 0.0139876 0.331614 0.654399 
4.01 0.0139256 0.330186 0.655888 
4.02 0.0138639 0.328768 0.657368 
4.03 0.0138026 0.327357 0.65884 
4.04 0.0137418 0.325955 0.660303 
4.05 0.0136813 0.324562 0.661757 
4.06 0.0136211 0.323177 0.663202 
4.07 0.0135614 0.3218 0.664639 
4.08 0.013502 0.320431 0.666067 
4.09 0.013443 0.31907 0.667487 
4.1 0.0133844 0.317717 0.668898 
4.11 0.0133261 0.316373 0.670301 
4.12 0.0132682 0.315036 0.671696 
4.13 0.0132106 0.313707 0.673082 
4.14 0.0131534 0.312386 0.67446 
4.15 0.0130966 0.311073 0.67583 
4.16 0.0130401 0.309767 0.677192 
4.17 0.0129839 0.30847 0.678546 
4.18 0.0129281 0.30718 0.679892 
4.19 0.0128727 0.305897 0.68123 
4.2 0.0128175 0.304622 0.682561 
4.21 0.0127627 0.303354 0.683883 
4.22 0.0127083 0.302094 0.685198 
4.23 0.0126542 0.300841 0.686505 
4.24 0.0126004 0.299595 0.687804 
4.25 0.0125469 0.298357 0.689096 
4.26 0.0124938 0.297126 0.69038 
4.27 0.0124409 0.295902 0.691657 
4.28 0.0123884 0.294685 0.692926 
4.29 0.0123363 0.293475 0.694188 
4.3 0.0122844 0.292272 0.695443 
4.31 0.0122328 0.291077 0.696691 
4.32 0.0121816 0.289888 0.697931 
4.33 0.0121307 0.288705 0.699164 
4.34 0.01208 0.28753 0.70039 
4.35 0.0120297 0.286362 0.701609 
4.36 0.0119797 0.2852 0.702821 
4.37 0.0119299 0.284044 0.704026 
4.38 0.0118805 0.282896 0.705224 
4.39 0.0118313 0.281754 0.706415 
4.4 0.0117825 0.280618 0.707599 
4.41 0.0117339 0.279489 0.708777 
4.42 0.0116857 0.278367 0.709948 
4.43 0.0116377 0.27725 0.711112 
4.44 0.01159 0.276141 0.712269 
4.45 0.0115425 0.275037 0.71342 
4.46 0.0114954 0.27394 0.714565 
4.47 0.0114485 0.272849 0.715703 
4.48 0.0114019 0.271764 0.716835 
4.49 0.0113556 0.270685 0.71796 
4.5 0.0113095 0.269612 0.719078 
4.51 0.0112638 0.268545 0.720191 
4.52 0.0112182 0.267485 0.721297 
4.53 0.011173 0.26643 0.722397 
4.54 0.011128 0.265381 0.723491 
4.55 0.0110833 0.264338 0.724579 
4.56 0.0110388 0.263301 0.72566 
4.57 0.0109946 0.262269 0.726736 
4.58 0.0109506 0.261244 0.727806 
4.59 0.0109069 0.260224 0.728869 
4.6 0.0108635 0.25921 0.729927 
4.61 0.0108203 0.258201 0.730979 
4.62 0.0107773 0.257198 0.732025 
4.63 0.0107346 0.256201 0.733065 
4.64 0.0106922 0.255209 0.734099 
4.65 0.0106499 0.254222 0.735128 
4.66 0.010608 0.253241 0.736151 
4.67 0.0105662 0.252266 0.737168 
4.68 0.0105247 0.251295 0.73818 
4.69 0.0104834 0.250331 0.739186 
4.7 0.0104424 0.249371 0.740187 
4.71 0.0104016 0.248417 0.741182 
4.72 0.010361 0.247467 0.742172 
4.73 0.0103207 0.246523 0.743156 
4.74 0.0102806 0.245585 0.744135 
4.75 0.0102407 0.244651 0.745108 
4.76 0.010201 0.243722 0.746077 
4.77 0.0101616 0.242799 0.74704 
4.78 0.0101224 0.24188 0.747997 
4.79 0.0100834 0.240967 0.74895 
4.8 0.0100446 0.240058 0.749897 
4.81 0.010006 0.239154 0.75084 
4.82 0.00996764 0.238255 0.751777 
4.83 0.0099295 0.237361 0.752709 
4.84 0.00989156 0.236472 0.753636 
4.85 0.00985384 0.235588 0.754558 
4.86 0.00981633 0.234708 0.755476 
4.87 0.00977902 0.233833 0.756388 
4.88 0.00974192 0.232963 0.757295 
4.89 0.00970503 0.232097 0.758198 
4.9 0.00966833 0.231236 0.759095 
4.91 0.00963184 0.23038 0.759988 
4.92 0.00959555 0.229528 0.760877 
4.93 0.00955945 0.228681 0.76176 
4.94 0.00952355 0.227838 0.762639 
4.95 0.00948785 0.226999 0.763513 
4.96 0.00945235 0.226165 0.764382 
4.97 0.00941703 0.225336 0.765247 
4.98 0.00938191 0.224511 0.766107 
4.99 0.00934698 0.22369 0.766963 
5 0.00931223 0.222873 0.767814 

