0.01 0.383791 0.234874 0.381334 
0.02 0.170162 0.713555 0.116283 
0.03 0.160197 0.00885725 0.830946 
0.04 0.579016 0.266925 0.154059 
0.05 0.629119 0.274976 0.0959047 
0.06 0.489873 0.106151 0.403976 
0.07 0.372235 0.0440931 0.583672 
0.08 0.409577 0.561228 0.0291955 
0.09 0.272153 0.660287 0.0675594 
0.1 0.292771 0.690709 0.0165206 
0.11 0.303321 0.188116 0.508563 
0.12 0.109839 0.337463 0.552698 
0.13 0.245359 0.522069 0.232573 
0.14 0.0763215 0.463866 0.459813 
0.15 0.194476 0.116837 0.688686 
0.16 0.128568 0.866087 0.00534436 
0.17 0.0500591 0.441788 0.508153 
0.18 0.124678 0.00337653 0.871946 
0.19 0.151869 0.464255 0.383876 
0.2 0.0845052 0.912258 0.00323692 
0.21 0.0301826 0.723834 0.245983 
0.22 0.0423342 0.241562 0.716104 
0.23 0.0869493 0.00345146 0.909599 
0.24 0.114191 0.166778 0.719031 
0.25 0.105556 0.540218 0.354225 
0.26 0.0728433 0.855451 0.0717058 
0.27 0.0377619 0.956539 0.00569865 
0.28 0.0161107 0.836481 0.147408 
0.29 0.0127943 0.583335 0.40387 
0.3 0.0241979 0.309481 0.666321 
0.31 0.0428913 0.103066 0.854043 
0.32 0.0615439 0.00908714 0.929369 
0.33 0.0750402 0.0319607 0.892999 
0.34 0.081011 0.14835 0.770639 
0.35 0.0794045 0.321733 0.598863 
0.36 0.071679 0.514143 0.414178 
0.37 0.0599961 0.693604 0.2464 
0.38 0.0465983 0.837573 0.115829 
0.39 0.0334171 0.933458 0.0331245 
0.4 0.0218855 0.977369 0.000745046 
0.41 0.0128984 0.972045 0.015057 
0.42 0.0068653 0.924622 0.0685127 
0.43 0.00380864 0.844634 0.151557 
0.44 0.0034745 0.742409 0.254117 
0.45 0.00543682 0.627911 0.366652 
0.46 0.00918438 0.510008 0.480807 
0.47 0.0141873 0.396059 0.589754 
0.48 0.0199436 0.291769 0.688288 
0.49 0.0260082 0.201222 0.77277 
0.5 0.0320088 0.127021 0.84097 
0.51 0.0376504 0.0704959 0.891854 
0.52 0.0427141 0.0319303 0.925356 
0.53 0.0470502 0.0107932 0.942157 
0.54 0.0505697 0.0059505 0.94348 
0.55 0.0532338 0.0158526 0.930914 
0.56 0.0550444 0.0386927 0.906263 
0.57 0.0560345 0.0725352 0.87143 
0.58 0.0562598 0.115417 0.828323 
0.59 0.0557916 0.165424 0.778784 
0.6 0.0547105 0.220746 0.724544 
0.61 0.053102 0.279711 0.667187 
0.62 0.051052 0.340813 0.608135 
0.63 0.0486447 0.40272 0.548636 
0.64 0.0459597 0.464274 0.489766 
0.65 0.0430712 0.524495 0.432433 
0.66 0.0400467 0.582565 0.377388 
0.67 0.0369467 0.63782 0.325233 
0.68 0.0338244 0.689737 0.276439 
0.69 0.0307261 0.737918 0.231356 
0.7 0.027691 0.78208 0.190229 
0.71 0.024752 0.822034 0.153214 
0.72 0.0219361 0.857679 0.120385 
0.73 0.0192647 0.888983 0.0917521 
0.74 0.0167544 0.915978 0.0672677 
0.75 0.0144175 0.938742 0.0468402 
0.76 0.0122623 0.957397 0.0303409 
0.77 0.0102939 0.972094 0.0176123 
0.78 0.00851445 0.983011 0.00847501 
0.79 0.00692381 0.990342 0.00273369 
0.8 0.00551968 0.994298 0.000182112 
0.81 0.00429808 0.995094 0.000607469 
0.82 0.00325369 0.992952 0.00379405 
0.83 0.0023801 0.988094 0.00952624 
0.84 0.00167003 0.980739 0.017591 
0.85 0.00111559 0.971105 0.0277797 
0.86 0.000708457 0.959401 0.0398901 
0.87 0.000439999 0.945833 0.053727 
0.88 0.000301445 0.930595 0.0691038 
0.89 0.000283986 0.913874 0.0858425 
0.9 0.000378871 0.895847 0.103775 
0.91 0.000577481 0.876681 0.122741 
0.92 0.000871398 0.856536 0.142593 
0.93 0.00125245 0.835557 0.163191 
0.94 0.00171275 0.813884 0.184404 
0.95 0.00224474 0.791643 0.206112 
0.96 0.00284118 0.768955 0.228203 
0.97 0.0034952 0.745929 0.250575 
0.98 0.00420027 0.722666 0.273133 
0.99 0.00495024 0.699259 0.295791 
1 0.00573932 0.675792 0.318469 
1.01 0.00656208 0.652342 0.341095 
1.02 0.00741343 0.62898 0.363606 
1.03 0.00828863 0.605769 0.385942 
1.04 0.00918329 0.582765 0.408052 
1.05 0.0100933 0.56002 0.429887 
1.06 0.0110149 0.537579 0.451406 
1.07 0.0119446 0.515482 0.472573 
1.08 0.0128792 0.493766 0.493355 
1.09 0.0138158 0.47246 0.513724 
1.1 0.0147517 0.451592 0.533656 
1.11 0.0156844 0.431186 0.55313 
1.12 0.0166117 0.411261 0.572127 
1.13 0.0175316 0.391833 0.590635 
1.14 0.0184423 0.372917 0.608641 
1.15 0.0193422 0.354522 0.626136 
1.16 0.0202298 0.336658 0.643112 
1.17 0.0211037 0.31933 0.659566 
1.18 0.021963 0.302544 0.675493 
1.19 0.0228065 0.2863 0.690893 
1.2 0.0236334 0.270601 0.705766 
1.21 0.0244429 0.255444 0.720113 
1.22 0.0252344 0.240829 0.733937 
1.23 0.0260074 0.226751 0.747242 
1.24 0.0267613 0.213205 0.760033 
1.25 0.0274958 0.200188 0.772316 
1.26 0.0282107 0.187692 0.784097 
1.27 0.0289056 0.17571 0.795384 
1.28 0.0295806 0.164235 0.806184 
1.29 0.0302354 0.153259 0.816506 
1.3 0.03087 0.142772 0.826358 
1.31 0.0314845 0.132767 0.835749 
1.32 0.0320789 0.123232 0.844689 
1.33 0.0326534 0.114159 0.853187 
1.34 0.0332079 0.105538 0.861254 
1.35 0.0337428 0.0973583 0.868899 
1.36 0.0342582 0.0896097 0.876132 
1.37 0.0347544 0.0822819 0.882964 
1.38 0.0352315 0.0753644 0.889404 
1.39 0.0356899 0.0688468 0.895463 
1.4 0.0361299 0.0627187 0.901151 
1.41 0.0365517 0.0569694 0.906479 
1.42 0.0369556 0.0515888 0.911456 
1.43 0.037342 0.0465663 0.916092 
1.44 0.0377112 0.0418919 0.920397 
1.45 0.0380636 0.0375554 0.924381 
1.46 0.0383995 0.0335468 0.928054 
1.47 0.0387192 0.0298562 0.931425 
1.48 0.0390232 0.026474 0.934503 
1.49 0.0393117 0.0233905 0.937298 
1.5 0.0395852 0.0205963 0.939819 
1.51 0.0398439 0.0180824 0.942074 
1.52 0.0400883 0.0158395 0.944072 
1.53 0.0403187 0.0138589 0.945822 
1.54 0.0405355 0.0121318 0.947333 
1.55 0.0407389 0.0106498 0.948611 
1.56 0.0409295 0.00940455 0.949666 
1.57 0.0411075 0.00838796 0.950505 
1.58 0.0412732 0.00759212 0.951135 
1.59 0.0414271 0.00700928 0.951564 
1.6 0.0415694 0.00663193 0.951799 
1.61 0.0417005 0.00645271 0.951847 
1.62 0.0418207 0.00646448 0.951715 
1.63 0.0419303 0.00666027 0.951409 
1.64 0.0420296 0.0070333 0.950937 
1.65 0.042119 0.00757699 0.950304 
1.66 0.0421987 0.00828491 0.949516 
1.67 0.0422691 0.00915084 0.94858 
1.68 0.0423304 0.0101687 0.947501 
1.69 0.0423829 0.0113327 0.946284 
1.7 0.0424269 0.012637 0.944936 
1.71 0.0424627 0.0140761 0.943461 
1.72 0.0424905 0.0156447 0.941865 
1.73 0.0425107 0.0173375 0.940152 
1.74 0.0425233 0.0191495 0.938327 
1.75 0.0425288 0.0210757 0.936395 
1.76 0.0425273 0.0231114 0.934361 
1.77 0.0425191 0.025252 0.932229 
1.78 0.0425045 0.027493 0.930003 
1.79 0.0424835 0.0298302 0.927686 
1.8 0.0424565 0.0322592 0.925284 
1.81 0.0424237 0.0347761 0.9228 
1.82 0.0423852 0.0373769 0.920238 
1.83 0.0423413 0.0400579 0.917601 
1.84 0.0422922 0.0428153 0.914892 
1.85 0.042238 0.0456457 0.912116 
1.86 0.042179 0.0485455 0.909276 
1.87 0.0421153 0.0515114 0.906373 
1.88 0.0420471 0.0545402 0.903413 
1.89 0.0419746 0.0576289 0.900396 
1.9 0.0418979 0.0607744 0.897328 
1.91 0.0418173 0.0639738 0.894209 
1.92 0.0417328 0.0672242 0.891043 
1.93 0.0416445 0.0705231 0.887832 
1.94 0.0415528 0.0738678 0.884579 
1.95 0.0414577 0.0772556 0.881287 
1.96 0.0413592 0.0806843 0.877956 
1.97 0.0412577 0.0841515 0.874591 
1.98 0.0411532 0.0876548 0.871192 
1.99 0.0410458 0.0911921 0.867762 
2 0.0409356 0.0947612 0.864303 
2.01 0.0408228 0.0983602 0.860817 
2.02 0.0407075 0.101987 0.857305 
2.03 0.0405898 0.10564 0.85377 
2.04 0.0404698 0.109317 0.850214 
2.05 0.0403477 0.113016 0.846636 
2.06 0.0402234 0.116736 0.843041 
2.07 0.0400972 0.120475 0.839428 
2.08 0.039969 0.124231 0.8358 
2.09 0.0398391 0.128003 0.832158 
2.1 0.0397075 0.131789 0.828503 
2.11 0.0395742 0.135589 0.824837 
2.12 0.0394394 0.1394 0.82116 
2.13 0.0393032 0.143222 0.817475 
2.14 0.0391655 0.147052 0.813782 
2.15 0.0390266 0.150891 0.810083 
2.16 0.0388864 0.154736 0.806378 
2.17 0.0387451 0.158587 0.802668 
2.18 0.0386027 0.162442 0.798956 
2.19 0.0384593 0.1663 0.79524 
2.2 0.0383149 0.170161 0.791524 
2.21 0.0381696 0.174024 0.787806 
2.22 0.0380235 0.177887 0.78409 
2.23 0.0378767 0.18175 0.780374 
2.24 0.0377291 0.185611 0.77666 
2.25 0.0375808 0.189471 0.772949 
2.26 0.0374319 0.193327 0.769241 
2.27 0.0372825 0.19718 0.765537 
2.28 0.0371325 0.201029 0.761838 
2.29 0.0369821 0.204873 0.758145 
2.3 0.0368313 0.208711 0.754457 
2.31 0.0366801 0.212543 0.750776 
2.32 0.0365286 0.216369 0.747103 
2.33 0.0363768 0.220186 0.743437 
2.34 0.0362247 0.223996 0.739779 
2.35 0.0360724 0.227797 0.736131 
2.36 0.03592 0.231589 0.732491 
2.37 0.0357674 0.235371 0.728861 
2.38 0.0356147 0.239144 0.725242 
2.39 0.0354619 0.242906 0.721632 
2.4 0.0353091 0.246657 0.718034 
2.41 0.0351562 0.250396 0.714447 
2.42 0.0350034 0.254124 0.710872 
2.43 0.0348507 0.25784 0.707309 
2.44 0.034698 0.261544 0.703758 
2.45 0.0345454 0.265235 0.70022 
2.46 0.034393 0.268912 0.696695 
2.47 0.0342407 0.272577 0.693183 
2.48 0.0340886 0.276227 0.689684 
2.49 0.0339367 0.279864 0.686199 
2.5 0.033785 0.283486 0.682729 
2.51 0.0336335 0.287094 0.679272 
2.52 0.0334824 0.290688 0.67583 
2.53 0.0333315 0.294266 0.672402 
2.54 0.0331809 0.29783 0.66899 
2.55 0.0330306 0.301378 0.665592 
2.56 0.0328806 0.30491 0.662209 
2.57 0.032731 0.308427 0.658842 
2.58 0.0325818 0.311928 0.65549 
2.59 0.0324329 0.315414 0.652154 
2.6 0.0322845 0.318883 0.648833 
2.61 0.0321365 0.322335 0.645528 
2.62 0.0319888 0.325772 0.642239 
2.63 0.0318417 0.329192 0.638967 
2.64 0.0316949 0.332595 0.63571 
2.65 0.0315487 0.335982 0.632469 
2.66 0.0314029 0.339352 0.629245 
2.67 0.0312576 0.342705 0.626037 
2.68 0.0311128 0.346041 0.622846 
2.69 0.0309684 0.34936 0.619671 
2.7 0.0308246 0.352662 0.616513 
2.71 0.0306814 0.355948 0.613371 
2.72 0.0305386 0.359215 0.610246 
2.73 0.0303964 0.362466 0.607138 
2.74 0.0302547 0.3657 0.604046 
2.75 0.0301136 0.368916 0.600971 
2.76 0.029973 0.372115 0.597912 
2.77 0.029833 0.375296 0.594871 
2.78 0.0296936 0.378461 0.591846 
2.79 0.0295547 0.381608 0.588838 
2.8 0.0294164 0.384737 0.585846 
2.81 0.0292787 0.38785 0.582872 
2.82 0.0291416 0.390945 0.579914 
2.83 0.0290051 0.394022 0.576973 
2.84 0.0288692 0.397083 0.574048 
2.85 0.0287339 0.400126 0.57114 
2.86 0.0285992 0.403152 0.568249 
2.87 0.0284651 0.40616 0.565375 
2.88 0.0283316 0.409152 0.562517 
2.89 0.0281988 0.412126 0.559675 
2.9 0.0280665 0.415083 0.556851 
2.91 0.0279349 0.418023 0.554042 
2.92 0.0278039 0.420945 0.551251 
2.93 0.0276735 0.423851 0.548475 
2.94 0.0275437 0.42674 0.545716 
2.95 0.0274146 0.429612 0.542974 
2.96 0.0272861 0.432467 0.540247 
2.97 0.0271583 0.435305 0.537537 
2.98 0.027031 0.438126 0.534843 
2.99 0.0269044 0.44093 0.532165 
3 0.0267784 0.443718 0.529503 
3.01 0.0266531 0.446489 0.526858 
3.02 0.0265284 0.449244 0.524228 
3.03 0.0264043 0.451982 0.521614 
3.04 0.0262809 0.454704 0.519016 
3.05 0.0261581 0.457409 0.516433 
3.06 0.0260359 0.460098 0.513866 
3.07 0.0259144 0.46277 0.511315 
3.08 0.0257935 0.465427 0.50878 
3.09 0.0256732 0.468067 0.50626 
3.1 0.0255535 0.470691 0.503755 
3.11 0.0254345 0.4733 0.501266 
3.12 0.0253161 0.475892 0.498792 
3.13 0.0251984 0.478469 0.496333 
3.14 0.0250813 0.48103 0.493889 
3.15 0.0249648 0.483575 0.49146 
3.16 0.0248489 0.486104 0.489047 
3.17 0.0247336 0.488619 0.486648 
3.18 0.024619 0.491117 0.484264 
3.19 0.024505 0.4936 0.481895 
3.2 0.0243916 0.496068 0.47954 
3.21 0.0242788 0.498521 0.4772 
3.22 0.0241667 0.500959 0.474874 
3.23 0.0240551 0.503382 0.472563 
3.24 0.0239442 0.505789 0.470266 
3.25 0.0238339 0.508182 0.467984 
3.26 0.0237242 0.51056 0.465716 
3.27 0.0236151 0.512924 0.463461 
3.28 0.0235066 0.515272 0.461221 
3.29 0.0233987 0.517606 0.458995 
3.3 0.0232914 0.519926 0.456783 
3.31 0.0231847 0.522231 0.454584 
3.32 0.0230786 0.524522 0.452399 
3.33 0.0229731 0.526799 0.450228 
3.34 0.0228682 0.529062 0.44807 
3.35 0.0227638 0.531311 0.445926 
3.36 0.0226601 0.533545 0.443795 
3.37 0.0225569 0.535766 0.441677 
3.38 0.0224543 0.537973 0.439572 
3.39 0.0223523 0.540167 0.437481 
3.4 0.0222509 0.542346 0.435403 
3.41 0.0221501 0.544512 0.433338 
3.42 0.0220498 0.546665 0.431285 
3.43 0.0219501 0.548805 0.429245 
3.44 0.0218509 0.550931 0.427218 
3.45 0.0217523 0.553044 0.425204 
3.46 0.0216543 0.555143 0.423202 
3.47 0.0215568 0.55723 0.421213 
3.48 0.0214599 0.559304 0.419236 
3.49 0.0213636 0.561365 0.417272 
3.5 0.0212678 0.563413 0.415319 
3.51 0.0211725 0.565448 0.413379 
3.52 0.0210778 0.567471 0.411451 
3.53 0.0209836 0.569482 0.409535 
3.54 0.02089 0.57148 0.407631 
3.55 0.0207969 0.573465 0.405738 
3.56 0.0207043 0.575438 0.403857 
3.57 0.0206122 0.577399 0.401989 
3.58 0.0205207 0.579348 0.400131 
3.59 0.0204297 0.581285 0.398285 
3.6 0.0203393 0.58321 0.396451 
3.61 0.0202493 0.585123 0.394628 
3.62 0.0201599 0.587024 0.392816 
3.63 0.020071 0.588913 0.391016 
3.64 0.0199825 0.590791 0.389226 
3.65 0.0198946 0.592658 0.387448 
3.66 0.0198072 0.594512 0.38568 
3.67 0.0197203 0.596356 0.383924 
3.68 0.0196339 0.598188 0.382178 
3.69 0.019548 0.600008 0.380444 
3.7 0.0194626 0.601818 0.378719 
3.71 0.0193777 0.603616 0.377006 
3.72 0.0192933 0.605404 0.375303 
3.73 0.0192093 0.60718 0.37361 
3.74 0.0191258 0.608946 0.371928 
3.75 0.0190429 0.610701 0.370256 
3.76 0.0189603 0.612445 0.368595 
3.77 0.0188783 0.614178 0.366943 
3.78 0.0187967 0.615901 0.365302 
3.79 0.0187156 0.617613 0.363671 
3.8 0.018635 0.619315 0.36205 
3.81 0.0185548 0.621007 0.360438 
3.82 0.0184751 0.622688 0.358837 
3.83 0.0183958 0.624359 0.357245 
3.84 0.018317 0.62602 0.355663 
3.85 0.0182387 0.627671 0.35409 
3.86 0.0181608 0.629312 0.352528 
3.87 0.0180833 0.630943 0.350974 
3.88 0.0180063 0.632564 0.34943 
3.89 0.0179297 0.634175 0.347896 
3.9 0.0178536 0.635776 0.34637 
3.91 0.0177778 0.637368 0.344854 
3.92 0.0177026 0.63895 0.343347 
3.93 0.0176277 0.640523 0.341849 
3.94 0.0175533 0.642086 0.340361 
3.95 0.0174793 0.64364 0.338881 
3.96 0.0174057 0.645185 0.33741 
3.97 0.0173326 0.64672 0.335948 
3.98 0.0172598 0.648246 0.334494 
3.99 0.0171875 0.649763 0.33305 
4 0.0171156 0.651271 0.331614 
4.01 0.0170441 0.65277 0.330186 
4.02 0.016973 0.654259 0.328768 
4.03 0.0169023 0.65574 0.327357 
4.04 0.0168319 0.657213 0.325955 
4.05 0.016762 0.658676 0.324562 
4.06 0.0166925 0.660131 0.323177 
4.07 0.0166234 0.661577 0.3218 
4.08 0.0165547 0.663015 0.320431 
4.09 0.0164864 0.664444 0.31907 
4.1 0.0164184 0.665864 0.317717 
4.11 0.0163508 0.667277 0.316373 
4.12 0.0162836 0.66868 0.315036 
4.13 0.0162168 0.670076 0.313707 
4.14 0.0161504 0.671463 0.312386 
4.15 0.0160843 0.672843 0.311073 
4.16 0.0160186 0.674214 0.309767 
4.17 0.0159533 0.675577 0.30847 
4.18 0.0158884 0.676932 0.30718 
4.19 0.0158238 0.678279 0.305897 
4.2 0.0157595 0.679619 0.304622 
4.21 0.0156956 0.68095 0.303354 
4.22 0.0156321 0.682274 0.302094 
4.23 0.015569 0.68359 0.300841 
4.24 0.0155062 0.684898 0.299595 
4.25 0.0154437 0.686199 0.298357 
4.26 0.0153816 0.687492 0.297126 
4.27 0.0153198 0.688778 0.295902 
4.28 0.0152584 0.690056 0.294685 
4.29 0.0151973 0.691327 0.293475 
4.3 0.0151365 0.692591 0.292272 
4.31 0.0150761 0.693847 0.291077 
4.32 0.0150161 0.695096 0.289888 
4.33 0.0149563 0.696338 0.288705 
4.34 0.0148969 0.697573 0.28753 
4.35 0.0148378 0.698801 0.286362 
4.36 0.014779 0.700021 0.2852 
4.37 0.0147206 0.701235 0.284044 
4.38 0.0146625 0.702442 0.282896 
4.39 0.0146047 0.703642 0.281754 
4.4 0.0145472 0.704835 0.280618 
4.41 0.01449 0.706021 0.279489 
4.42 0.0144332 0.7072 0.278367 
4.43 0.0143766 0.708373 0.27725 
4.44 0.0143204 0.709539 0.276141 
4.45 0.0142645 0.710699 0.275037 
4.46 0.0142089 0.711851 0.27394 
4.47 0.0141535 0.712998 0.272849 
4.48 0.0140985 0.714138 0.271764 
4.49 0.0140438 0.715271 0.270685 
4.5 0.0139894 0.716399 0.269612 
4.51 0.0139352 0.717519 0.268545 
4.52 0.0138814 0.718634 0.267485 
4.53 0.0138279 0.719742 0.26643 
4.54 0.0137746 0.720844 0.265381 
4.55 0.0137216 0.72194 0.264338 
4.56 0.013669 0.72303 0.263301 
4.57 0.0136166 0.724114 0.262269 
4.58 0.0135645 0.725192 0.261244 
4.59 0.0135126 0.726263 0.260224 
4.6 0.0134611 0.727329 0.25921 
4.61 0.0134098 0.728389 0.258201 
4.62 0.0133588 0.729443 0.257198 
4.63 0.0133081 0.730491 0.256201 
4.64 0.0132576 0.731534 0.255209 
4.65 0.0132074 0.73257 0.254222 
4.66 0.0131575 0.733601 0.253241 
4.67 0.0131078 0.734626 0.252266 
4.68 0.0130584 0.735646 0.251295 
4.69 0.0130093 0.73666 0.250331 
4.7 0.0129604 0.737669 0.249371 
4.71 0.0129118 0.738672 0.248417 
4.72 0.0128635 0.739669 0.247467 
4.73 0.0128154 0.740661 0.246523 
4.74 0.0127675 0.741648 0.245585 
4.75 0.0127199 0.742629 0.244651 
4.76 0.0126726 0.743605 0.243722 
4.77 0.0126255 0.744576 0.242799 
4.78 0.0125786 0.745541 0.24188 
4.79 0.012532 0.746501 0.240967 
4.8 0.0124857 0.747456 0.240058 
4.81 0.0124396 0.748406 0.239154 
4.82 0.0123937 0.749351 0.238255 
4.83 0.0123481 0.750291 0.237361 
4.84 0.0123027 0.751225 0.236472 
4.85 0.0122575 0.752155 0.235588 
4.86 0.0122126 0.753079 0.234708 
4.87 0.0121679 0.753999 0.233833 
4.88 0.0121235 0.754914 0.232963 
4.89 0.0120792 0.755824 0.232097 
4.9 0.0120352 0.756729 0.231236 
4.91 0.0119915 0.757629 0.23038 
4.92 0.0119479 0.758524 0.229528 
4.93 0.0119046 0.759415 0.228681 
4.94 0.0118615 0.760301 0.227838 
4.95 0.0118186 0.761182 0.226999 
4.96 0.011776 0.762059 0.226165 
4.97 0.0117336 0.762931 0.225336 
4.98 0.0116914 0.763798 0.224511 
4.99 0.0116494 0.764661 0.22369 
5 0.0116076 0.765519 0.222873 

